#Step  chi2     cxx
#============================================
   0  73.003358 1.045550 1.599207 0.497158 0.562444 0.360584 0.162030 -0.072143 
   1  22.140253 1.433473 1.276309 0.559358 0.559221 0.468129 0.204258 -0.090861 
   2  65.772707 1.029917 1.721795 0.426224 0.616921 0.426133 0.153622 -0.068558 
   3   5.079245 1.289485 1.730151 0.556827 0.524219 0.442007 0.153345 -0.091544 
   4  32.551154 1.007385 1.385069 0.534036 0.546054 0.455216 0.202780 -0.078555 
   5   5.772435 1.445490 1.343275 0.613268 0.718199 0.359601 0.179213 -0.069113 
   6 140.777392 0.996787 1.507744 0.465118 0.532852 0.355919 0.156075 -0.083774 
   7   6.284050 1.345651 1.481533 0.624518 0.595479 0.351238 0.182124 -0.079971 
   8   8.481072 1.378762 1.708680 0.544555 0.713762 0.483917 0.147808 -0.066887 
   9   4.133779 1.326365 1.841931 0.577094 0.664291 0.344296 0.185136 -0.082398 
  10 101.691064 1.114433 1.339212 0.618864 0.575390 0.419213 0.149609 -0.078523 
  11   4.192204 1.325179 1.446164 0.481103 0.613444 0.440382 0.156836 -0.091252 
  12   4.426892 1.373957 1.739446 0.542550 0.654659 0.413228 0.150652 -0.080619 
  13  37.946447 1.202146 1.382500 0.591299 0.541814 0.354580 0.177799 -0.090896 
  14 114.549645 1.099577 1.326750 0.556800 0.627124 0.371761 0.180228 -0.090442 
  15  45.760407 1.372046 1.659036 0.527003 0.626729 0.486920 0.195069 -0.064403 
  16  26.988632 1.291363 1.853535 0.435397 0.610671 0.451206 0.184998 -0.067584 
  17  39.832112 1.105371 1.710267 0.596098 0.674187 0.483660 0.184146 -0.092147 
  18 212.468996 1.027878 1.318025 0.623909 0.583560 0.366206 0.181912 -0.091475 
  19  22.329140 1.215226 1.319741 0.616157 0.571389 0.453774 0.169372 -0.089886 
  20  29.326173 1.330982 1.340025 0.425993 0.589041 0.346486 0.146072 -0.090088 
  21  34.653901 1.391920 1.669898 0.449274 0.526101 0.395410 0.207515 -0.090161 
  22   9.666770 1.148672 1.579927 0.618846 0.608270 0.432584 0.202633 -0.089091 
  23  10.132805 1.395167 1.517215 0.606859 0.583025 0.416592 0.196041 -0.084360 
  24  27.015754 1.122922 1.348591 0.563359 0.504264 0.377700 0.188806 -0.076634 
  25   2.741955 1.174458 1.703466 0.511565 0.560873 0.393627 0.179284 -0.075833 
  26  20.502299 1.366315 1.537076 0.506556 0.535007 0.490014 0.163442 -0.082952 
  27   6.781467 1.277447 1.354423 0.548196 0.614342 0.425685 0.173345 -0.089791 
  28 140.893603 1.039821 1.383606 0.562706 0.601321 0.389126 0.163663 -0.078187 
  29  28.518349 1.300606 1.858510 0.429648 0.514914 0.443077 0.172730 -0.074419 
  30 214.068030 1.023334 1.854493 0.610205 0.715524 0.398400 0.160556 -0.065713 
  31   2.651038 1.176316 1.607573 0.599282 0.504193 0.449375 0.170814 -0.079824 
  32  92.456035 1.136807 1.785269 0.531481 0.608309 0.340014 0.153017 -0.091342 
  33   1.746826 1.189114 1.543082 0.530883 0.522290 0.401028 0.179181 -0.069541 
  34   4.722569 1.045228 1.853586 0.566891 0.553919 0.481382 0.180706 -0.068104 
  35  81.498155 1.150779 1.759730 0.497081 0.684040 0.392038 0.153744 -0.088636 
  36  47.431693 1.037264 1.612515 0.523532 0.607022 0.400029 0.210735 -0.092063 
  37  41.428621 1.221370 1.333947 0.626393 0.726011 0.427098 0.174087 -0.065431 
  38  50.371802 0.997955 1.865546 0.505028 0.541146 0.484280 0.145581 -0.076857 
  39   4.557501 1.404851 1.627743 0.573783 0.555463 0.397326 0.145228 -0.064319 
  40   3.392164 1.367281 1.387008 0.628809 0.723022 0.459213 0.172438 -0.075766 
  41  98.211309 1.090013 1.505117 0.519187 0.676133 0.417144 0.170181 -0.084883 
  42  27.557339 1.045636 1.786220 0.610627 0.541351 0.466618 0.160187 -0.075268 
  43   4.640804 1.361172 1.446896 0.623088 0.661355 0.478907 0.187310 -0.092251 
  44   6.136002 1.140279 1.682841 0.441686 0.531270 0.477651 0.145105 -0.066189 
  45  15.427839 1.319653 1.550685 0.553093 0.725599 0.473969 0.145701 -0.084830 
  46  35.583174 1.184300 1.536042 0.532155 0.635140 0.380229 0.169246 -0.087152 
  47 193.096615 1.053343 1.655473 0.481951 0.728039 0.486178 0.156641 -0.083271 
  48  36.063543 1.403141 1.783431 0.572132 0.549318 0.417985 0.196977 -0.075026 
  49   7.386997 1.197683 1.766957 0.547997 0.536190 0.379018 0.155322 -0.067137 
  50  89.311149 1.071505 1.405089 0.622007 0.648160 0.443904 0.173046 -0.069856 
  51  38.753085 0.986145 1.768814 0.444705 0.539286 0.406978 0.167868 -0.067836 
  52   6.853165 1.190342 1.612083 0.616087 0.574515 0.399434 0.184420 -0.080494 
  53  10.151313 1.450282 1.489468 0.434462 0.601936 0.362968 0.186504 -0.082301 
  54  14.401820 1.227117 1.764711 0.604596 0.669710 0.340256 0.197239 -0.074227 
  55   7.846561 1.351889 1.391533 0.567744 0.689546 0.337778 0.196520 -0.062970 
  56   3.698199 1.235312 1.339554 0.476353 0.490046 0.446659 0.152434 -0.073000 
  57 138.698763 1.051110 1.720884 0.632515 0.528165 0.350889 0.143930 -0.081286 
  58  84.610856 1.143898 1.664304 0.489991 0.706146 0.408217 0.153151 -0.081559 
  59   5.793456 1.246311 1.840183 0.436293 0.576889 0.356490 0.193710 -0.067724 
  60  74.176053 1.085947 1.567316 0.475578 0.681103 0.434922 0.176309 -0.086476 
  61  41.585815 1.156098 1.649396 0.461692 0.623701 0.392818 0.153024 -0.084038 
  62   7.072282 1.232208 1.369221 0.501949 0.708708 0.468128 0.189670 -0.086490 
  63  18.837202 1.140610 1.773476 0.520696 0.714151 0.456627 0.177998 -0.070835 
  64  37.107634 1.437555 1.404075 0.529717 0.539293 0.451838 0.194131 -0.061903 
  65   9.048571 1.171420 1.392893 0.597312 0.684253 0.470426 0.212067 -0.072973 
  66 113.553902 1.101851 1.345752 0.444730 0.687546 0.384610 0.174555 -0.084138 
  67  19.564343 1.070770 1.338122 0.538448 0.625800 0.488597 0.212114 -0.077019 
  68   3.786800 1.344386 1.566279 0.593697 0.669367 0.451566 0.162778 -0.091219 
  69  72.345411 1.220662 1.273632 0.629957 0.716749 0.371908 0.197461 -0.084738 
  70  25.119959 1.039990 1.737404 0.449548 0.590801 0.481140 0.157055 -0.069230 
  71  11.291182 1.109266 1.674665 0.631650 0.610024 0.462691 0.178369 -0.063854 
  72   8.693404 1.362325 1.569544 0.545644 0.631504 0.331348 0.168097 -0.072078 
  73  14.257430 1.348202 1.668182 0.487992 0.562124 0.444083 0.160953 -0.069297 
  74  14.306324 1.446058 1.286902 0.424239 0.520442 0.465711 0.150212 -0.078902 
  75   3.351132 1.349197 1.460117 0.595611 0.506558 0.331075 0.197459 -0.079577 
  76   3.826164 1.380307 1.440377 0.563251 0.649582 0.461939 0.157929 -0.069576 
  77   5.426300 1.378891 1.625449 0.551023 0.641761 0.372722 0.205392 -0.090615 
  78   4.840458 1.448467 1.356798 0.464692 0.726031 0.365924 0.155270 -0.065200 
  79 329.764371 1.008337 1.444379 0.567872 0.699360 0.434299 0.176160 -0.090872 
  80   4.249971 1.296312 1.420907 0.537225 0.616357 0.422970 0.155117 -0.067661 
  81  90.753999 1.165947 1.511055 0.520623 0.550032 0.331527 0.145489 -0.089086 
  82  66.496764 1.115477 1.844512 0.600909 0.559648 0.348518 0.143471 -0.070157 
  83  47.607682 1.145629 1.384963 0.507679 0.596903 0.414596 0.146794 -0.071495 
  84  44.985949 1.059401 1.598366 0.481597 0.698444 0.464391 0.198648 -0.073839 
  85  42.220916 1.173201 1.869933 0.549965 0.690107 0.395626 0.145136 -0.064399 
  86  74.849374 1.183235 1.313445 0.632460 0.669755 0.337151 0.199499 -0.063042 
  87  48.349414 1.060507 1.774778 0.492822 0.623161 0.337619 0.192530 -0.061861 
  88   3.579907 1.257379 1.742646 0.493908 0.678849 0.385145 0.184182 -0.081740 
  89  51.891075 1.061298 1.502094 0.434873 0.637436 0.393276 0.187299 -0.075450 
  90  31.470032 1.365916 1.681933 0.538600 0.552203 0.458126 0.178690 -0.062100 
  91   4.750009 1.384778 1.461186 0.437367 0.499926 0.357603 0.169048 -0.080400 
  92  53.844588 1.088772 1.314790 0.555196 0.693631 0.474397 0.208761 -0.081132 
  93   8.715763 1.090898 1.591225 0.485070 0.596012 0.483805 0.165626 -0.063553 
  94  11.699837 1.142788 1.862522 0.532778 0.531846 0.438483 0.145400 -0.075464 
  95   5.114078 1.200562 1.608383 0.522869 0.570417 0.477578 0.179083 -0.073731 
  96  54.495224 1.018830 1.820273 0.424896 0.573568 0.331149 0.185714 -0.067821 
  97   7.850396 1.415156 1.604727 0.601258 0.530511 0.347113 0.150393 -0.080834 
  98 168.733594 1.006217 1.537249 0.569835 0.594407 0.400550 0.155831 -0.080800 
  99  90.731535 1.030226 1.406915 0.439579 0.635569 0.463349 0.179821 -0.090881 
 100   3.810432 1.331673 1.291220 0.497041 0.695821 0.488570 0.166292 -0.068098 
 101 308.882434 0.973085 1.854427 0.511541 0.714815 0.416119 0.159233 -0.065055 
 102   2.597859 1.289974 1.480902 0.580172 0.668486 0.464097 0.171659 -0.067276 
 103   2.993280 1.106004 1.638350 0.595224 0.587977 0.471206 0.203985 -0.062301 
 104   3.721304 1.312821 1.510698 0.630370 0.600189 0.407405 0.164113 -0.071463 
 105   5.121485 1.198684 1.664044 0.536614 0.605864 0.431671 0.208444 -0.074582 
 106 206.656926 1.056133 1.368544 0.537141 0.693609 0.419866 0.160740 -0.079819 
 107  19.863443 1.163149 1.681618 0.588473 0.654878 0.379627 0.182910 -0.064743 
 108 136.522336 1.065135 1.537922 0.450457 0.709639 0.472086 0.148555 -0.073211 
 109 127.327717 1.149918 1.507719 0.571807 0.694865 0.340771 0.157771 -0.072060 
 110  31.278643 1.317220 1.355660 0.585356 0.707322 0.387030 0.162472 -0.084729 
 111   5.075205 1.419151 1.600648 0.496605 0.568886 0.369743 0.149975 -0.062329 
 112  27.916178 1.248964 1.685901 0.450646 0.677500 0.354420 0.159334 -0.082985 
 113  34.705464 0.993165 1.465605 0.439115 0.591426 0.452345 0.196010 -0.070234 
 114   4.300711 1.378382 1.870069 0.555429 0.625912 0.354920 0.168579 -0.076170 
 115   5.101273 1.227011 1.669737 0.471487 0.601028 0.366628 0.181706 -0.086320 
 116   1.853293 1.210505 1.675291 0.599169 0.507065 0.390436 0.208999 -0.088173 
 117   4.272751 1.235608 1.374325 0.542100 0.634554 0.417371 0.186089 -0.062609 
 118   4.025984 1.120998 1.495648 0.490377 0.527152 0.391622 0.207659 -0.084190 
 119   9.115973 1.240595 1.444001 0.467774 0.511160 0.489158 0.172078 -0.079022 
 120  90.136392 1.079788 1.870097 0.502067 0.665518 0.438728 0.155371 -0.086658 
 121 250.809770 1.001027 1.339394 0.567376 0.638511 0.384282 0.158123 -0.068562 
 122  19.479564 1.403638 1.785733 0.478867 0.539864 0.369511 0.182091 -0.073310 
 123  10.846040 1.283762 1.563087 0.448090 0.539723 0.461197 0.164264 -0.071270 
 124   9.893872 1.359564 1.716370 0.610477 0.496940 0.449498 0.159148 -0.085377 
 125  14.035012 1.175759 1.524032 0.548137 0.608389 0.423532 0.160139 -0.065254 
 126   7.934620 1.421863 1.557026 0.497073 0.691291 0.385603 0.184327 -0.063263 
 127   2.244094 1.265955 1.357448 0.516051 0.552487 0.438504 0.180387 -0.076496 
 128   3.972553 1.209708 1.789603 0.593090 0.562329 0.428394 0.189546 -0.072331 
 129  12.843408 1.145187 1.825235 0.449522 0.680946 0.387309 0.191581 -0.070619 
 130  21.290417 1.430819 1.851904 0.511232 0.704972 0.402952 0.195136 -0.084139 
 131   3.207697 1.364887 1.472422 0.590587 0.593318 0.414734 0.157176 -0.083272 
 132  10.546342 1.072250 1.727127 0.463698 0.661323 0.431214 0.211328 -0.062315 
 133  29.637814 1.091096 1.661123 0.502779 0.638334 0.423252 0.176433 -0.074405 
 134  27.661580 1.429991 1.371507 0.574222 0.709062 0.354312 0.150101 -0.086386 
 135   7.952305 1.272316 1.794765 0.537743 0.596520 0.365789 0.164420 -0.088839 
 136   1.843622 1.341127 1.586398 0.548661 0.727466 0.377938 0.196490 -0.083194 
 137   6.316489 1.425826 1.722322 0.577553 0.535981 0.396270 0.148390 -0.086877 
 138 298.308063 0.972502 1.614844 0.474124 0.721988 0.455760 0.208508 -0.088537 
 139   5.619061 1.428546 1.288622 0.568018 0.628559 0.481201 0.156882 -0.062495 
 140 348.721264 1.053765 1.583813 0.617651 0.718163 0.340364 0.177104 -0.090381 
 141  66.055650 1.157052 1.420695 0.558735 0.569178 0.333235 0.167077 -0.078133 
 142  22.754533 1.190192 1.532389 0.499779 0.601296 0.334340 0.183647 -0.074912 
 143  23.277207 1.369459 1.584283 0.489041 0.677452 0.426017 0.211418 -0.072728 
 144  15.614890 1.231944 1.374033 0.506755 0.663210 0.448287 0.163109 -0.082256 
 145   5.417567 1.365172 1.750493 0.552281 0.538650 0.340620 0.158637 -0.078470 
 146 109.834608 1.025556 1.622705 0.441916 0.627999 0.336401 0.172891 -0.063028 
 147 257.962867 1.016343 1.270366 0.525458 0.713588 0.421230 0.197204 -0.083479 
 148  36.197476 1.054525 1.729413 0.439187 0.663593 0.486460 0.174309 -0.075357 
 149  14.141547 1.313386 1.725854 0.448869 0.617334 0.420627 0.192746 -0.084559 
 150   3.558425 1.284101 1.848942 0.486148 0.675264 0.419395 0.168339 -0.072380 
 151  15.960553 1.267972 1.759444 0.508033 0.662509 0.467154 0.203547 -0.081589 
 152  11.016553 1.176228 1.660042 0.500181 0.635551 0.397846 0.172113 -0.071860 
 153   5.734776 1.164160 1.805212 0.589307 0.516164 0.434973 0.205112 -0.081716 
 154  72.071451 1.079237 1.634547 0.508489 0.702282 0.422500 0.190571 -0.081772 
 155 109.842187 1.038690 1.291273 0.425052 0.673756 0.472635 0.170015 -0.076553 
 156  17.881156 1.328306 1.420411 0.452512 0.529747 0.480432 0.176563 -0.085736 
 157   5.369128 1.146326 1.825081 0.448752 0.675681 0.460988 0.205073 -0.089093 
 158   3.104315 1.198644 1.743184 0.539697 0.659271 0.394772 0.208455 -0.079750 
 159  25.142905 1.449845 1.644838 0.475781 0.521694 0.442588 0.159244 -0.089549 
 160  12.710802 1.255629 1.653946 0.507299 0.569710 0.478833 0.178940 -0.077412 
 161  16.418170 1.385923 1.261252 0.486968 0.543696 0.481973 0.170895 -0.061774 
 162  13.983768 1.337691 1.441613 0.614436 0.545752 0.344188 0.173037 -0.090759 
 163  20.814129 1.218166 1.490299 0.537638 0.612025 0.331169 0.196844 -0.081744 
 164   7.087364 1.321108 1.266400 0.543027 0.566087 0.438455 0.209169 -0.082006 
 165   1.424142 1.261738 1.548625 0.461294 0.601783 0.409492 0.175084 -0.083231 
 166   4.456528 1.185343 1.801303 0.574085 0.539058 0.359426 0.184521 -0.075560 
 167  51.654549 1.113597 1.279363 0.508795 0.686390 0.398949 0.207869 -0.071767 
 168   1.749118 1.192005 1.694959 0.632635 0.534064 0.449208 0.180227 -0.077500 
 169   5.680039 1.174092 1.559962 0.461899 0.495168 0.487808 0.166711 -0.077095 
 170   4.607637 1.202604 1.764430 0.467540 0.714668 0.444062 0.206264 -0.066117 
 171  42.345463 1.409067 1.572207 0.551179 0.538871 0.420423 0.212391 -0.062518 
 172 118.398696 0.972059 1.831988 0.500302 0.601986 0.433893 0.165958 -0.082039 
 173  45.286355 1.160595 1.803122 0.462119 0.687862 0.390932 0.166987 -0.087978 
 174  33.427901 1.147694 1.693072 0.500219 0.695718 0.415686 0.181595 -0.085925 
 175   8.456145 1.091509 1.546417 0.622521 0.527755 0.490439 0.179571 -0.073261 
 176   3.307612 1.242728 1.582584 0.510582 0.627515 0.404431 0.195997 -0.063054 
 177 162.699779 1.028126 1.318116 0.574689 0.614396 0.327524 0.204655 -0.072253 
 178  12.323844 1.157506 1.403489 0.466894 0.673020 0.484655 0.181379 -0.080659 
 179  38.711486 1.211600 1.327096 0.510614 0.671968 0.426176 0.166024 -0.090089 
 180   9.169815 1.259747 1.797927 0.488356 0.528710 0.395501 0.192008 -0.084589 
 181  13.348840 1.398544 1.547702 0.592247 0.490557 0.424159 0.177313 -0.078107 
 182  57.504748 1.255805 1.494493 0.610946 0.727433 0.432591 0.147558 -0.084669 
 183  18.912998 1.261612 1.651104 0.501970 0.513982 0.453623 0.196565 -0.088348 
 184 233.553842 1.150828 1.323701 0.592201 0.726056 0.327627 0.148465 -0.066249 
 185   5.235342 1.171325 1.752778 0.614235 0.562630 0.374518 0.190519 -0.071562 
 186   5.885329 1.394833 1.369908 0.606185 0.603282 0.423787 0.194076 -0.075851 
 187  89.336117 1.081540 1.763005 0.468879 0.692122 0.404309 0.182627 -0.090896 
 188  71.894151 1.086137 1.470030 0.597755 0.638678 0.405259 0.185000 -0.080153 
 189  10.316890 1.200195 1.691021 0.583696 0.706400 0.412093 0.187664 -0.068052 
 190   1.653028 1.359140 1.461140 0.536977 0.655291 0.415043 0.169373 -0.066730 
 191  28.420553 1.029625 1.331275 0.557403 0.575361 0.484057 0.201139 -0.067857 
 192   4.189912 1.176174 1.510348 0.456712 0.651434 0.454194 0.210552 -0.070718 
 193  87.827552 1.090636 1.614224 0.614457 0.665789 0.375767 0.187738 -0.081095 
 194   1.838474 1.362836 1.436627 0.602597 0.639186 0.432535 0.168175 -0.071269 
 195  42.872645 1.055505 1.726995 0.525865 0.562258 0.474616 0.149371 -0.082237 
 196   7.408754 1.384170 1.841241 0.609111 0.557836 0.387918 0.143544 -0.091296 
 197  97.901449 1.039334 1.248849 0.479160 0.584826 0.423439 0.152827 -0.065724 
 198   3.436951 1.396401 1.753589 0.586571 0.657940 0.345609 0.184737 -0.071604 
 199   5.129673 1.334089 1.862408 0.559417 0.715496 0.450268 0.150043 -0.069155 
 200  14.333970 1.284208 1.390902 0.618049 0.612210 0.356602 0.197425 -0.086337 
 201   9.674892 1.234613 1.757153 0.586669 0.657291 0.460912 0.143547 -0.064649 
 202   4.730848 1.164296 1.364107 0.473373 0.558013 0.490196 0.212381 -0.092141 
 203 121.031934 1.020674 1.628025 0.491080 0.697966 0.424320 0.209226 -0.086314 
 204  62.679819 1.135412 1.294445 0.434110 0.730608 0.376843 0.209781 -0.077382 
 205   7.379996 1.201848 1.716935 0.490893 0.495485 0.420034 0.147465 -0.084153 
 206 137.444477 1.154223 1.316851 0.600225 0.679724 0.375692 0.146141 -0.064096 
 207  22.592292 1.109673 1.287857 0.439396 0.585016 0.437284 0.169144 -0.069816 
 208  97.634630 1.097001 1.462788 0.438660 0.636386 0.395690 0.149872 -0.080438 
 209   9.488769 1.317488 1.297824 0.450293 0.537197 0.463208 0.172721 -0.068969 
 210  18.931421 1.161015 1.573978 0.629958 0.678073 0.430716 0.198435 -0.079275 
 211  62.399253 1.417706 1.788939 0.562839 0.541244 0.479473 0.193109 -0.080801 
 212  14.136667 1.260167 1.320733 0.612714 0.699176 0.402582 0.209519 -0.076464 
 213  12.754608 1.393636 1.295514 0.443979 0.633725 0.352720 0.157053 -0.086448 
 214   6.893748 1.445870 1.658482 0.433750 0.581260 0.356685 0.142838 -0.066826 
 215   4.624473 1.361474 1.759828 0.581634 0.667977 0.439614 0.169811 -0.091290 
 216   8.571870 1.267058 1.326611 0.548521 0.541167 0.366879 0.175409 -0.064425 
 217   3.332415 1.308402 1.520584 0.545756 0.629152 0.411123 0.188934 -0.067274 
 218   7.108557 1.291780 1.801379 0.634083 0.647075 0.416304 0.144216 -0.062907 
 219  18.528814 1.318838 1.281969 0.468967 0.618216 0.470297 0.209261 -0.070222 
 220   5.196619 1.239913 1.468970 0.475708 0.530973 0.405744 0.200454 -0.073958 
 221   3.287126 1.317756 1.440688 0.528506 0.590961 0.449185 0.146363 -0.061867 
 222 118.060485 1.093165 1.707161 0.464893 0.713157 0.429067 0.154617 -0.079583 
 223 166.507856 1.048977 1.385780 0.556777 0.704535 0.372229 0.200960 -0.074844 
 224 115.016367 1.040559 1.743502 0.574510 0.660575 0.351444 0.209133 -0.089055 
 225   3.077555 1.272092 1.737921 0.486040 0.572686 0.342566 0.197220 -0.085528 
 226  48.187703 1.374344 1.780189 0.590535 0.511112 0.423512 0.210873 -0.062393 
 227  95.422309 1.070298 1.349268 0.553237 0.579443 0.389873 0.158303 -0.069942 
 228   8.797007 1.286631 1.294381 0.572582 0.684088 0.469270 0.170686 -0.077615 
 229 297.172518 0.976031 1.475557 0.511211 0.644293 0.351708 0.191444 -0.092271 
 230  22.508897 1.085965 1.553515 0.587808 0.507488 0.383229 0.181122 -0.067188 
 231  52.028509 1.418689 1.582876 0.467922 0.521922 0.441548 0.199429 -0.077653 
 232 361.266226 1.007706 1.280887 0.591915 0.667553 0.347982 0.176498 -0.078497 
 233  27.744390 1.449790 1.811924 0.438537 0.490130 0.371110 0.175580 -0.081833 
 234  37.313747 1.170410 1.362789 0.562376 0.648447 0.437395 0.171718 -0.084553 
 235 385.510288 0.975763 1.861780 0.620452 0.717941 0.412318 0.151076 -0.064364 
 236  48.784276 1.074107 1.841191 0.553522 0.560589 0.327745 0.170133 -0.062882 
 237   3.573326 1.031096 1.807049 0.549131 0.517844 0.458020 0.188244 -0.065845 
 238 182.383061 1.000928 1.334584 0.592483 0.605647 0.379996 0.173279 -0.066164 
 239  64.849298 1.450199 1.792654 0.613398 0.490201 0.467318 0.199659 -0.091154 
 240   4.994123 1.150345 1.843225 0.434447 0.632380 0.475178 0.188344 -0.089235 
 241  11.858135 1.407397 1.287458 0.623042 0.496507 0.484116 0.179062 -0.066651 
 242  18.607284 1.335250 1.365270 0.487987 0.688612 0.380646 0.148436 -0.071242 
 243   5.012410 1.282312 1.587457 0.521778 0.644489 0.395396 0.166706 -0.081866 
 244  92.328887 1.100282 1.356981 0.554917 0.645554 0.348228 0.188810 -0.069178 
 245 820.879079 0.983995 1.452077 0.454375 0.716401 0.391050 0.147417 -0.091756 
 246   3.208938 1.137122 1.629435 0.454338 0.513559 0.457950 0.173101 -0.090399 
 247 152.344973 1.028934 1.585885 0.476590 0.676063 0.341185 0.191817 -0.074566 
 248  23.446345 1.211128 1.287867 0.440745 0.676146 0.366225 0.190914 -0.074711 
 249   4.662033 1.145663 1.474720 0.566407 0.584669 0.440146 0.199303 -0.072103 
 250  60.190388 1.007039 1.807829 0.491864 0.591968 0.410380 0.174396 -0.078179 
 251   4.721230 1.116899 1.814680 0.524341 0.592810 0.400759 0.192673 -0.068032 
 252   1.153754 1.226993 1.516733 0.557523 0.496320 0.408109 0.191784 -0.086643 
 253  35.402838 1.322815 1.500928 0.474621 0.511600 0.452954 0.206064 -0.077009 
 254  33.719954 1.190178 1.700722 0.602355 0.618672 0.429070 0.153028 -0.091469 
 255  33.390004 1.031459 1.637764 0.531712 0.594081 0.414360 0.211082 -0.088467 
 256  13.643952 1.443476 1.686523 0.441201 0.613263 0.349028 0.191936 -0.078692 
 257   9.287978 1.271939 1.509941 0.502020 0.575155 0.462188 0.184561 -0.075806 
 258   2.249392 1.255388 1.570797 0.627840 0.500068 0.366925 0.198439 -0.079850 
 259   5.643164 1.386900 1.849670 0.543211 0.729974 0.423534 0.146584 -0.075009 
 260  50.281396 1.026854 1.280311 0.489224 0.512532 0.450643 0.169127 -0.080742 
 261   3.844508 1.397775 1.310252 0.461402 0.612882 0.412197 0.180147 -0.088612 
 262 130.002925 1.134811 1.342374 0.495704 0.715801 0.436574 0.162821 -0.092131 
 263  34.215556 1.409099 1.311987 0.547762 0.676443 0.338121 0.151944 -0.085423 
 264  14.077463 1.285307 1.383092 0.468273 0.676524 0.371089 0.178168 -0.088740 
 265 353.803161 0.979042 1.812904 0.530566 0.709066 0.328027 0.189680 -0.074743 
 266  24.631360 1.221905 1.387489 0.488388 0.698949 0.388514 0.187050 -0.086477 
 267 555.407360 0.988969 1.835609 0.593374 0.719762 0.334435 0.168696 -0.084132 
 268  94.303323 1.021714 1.577979 0.531063 0.673937 0.449132 0.192140 -0.078348 
 269  92.474262 0.974572 1.391733 0.514089 0.496065 0.349390 0.207275 -0.090773 
 270  46.559788 1.036095 1.626588 0.503264 0.649265 0.463029 0.189574 -0.078064 
 271  74.065231 1.067236 1.447398 0.496550 0.547700 0.369937 0.151593 -0.067854 
 272  70.849336 1.115838 1.574892 0.622133 0.588642 0.335818 0.172724 -0.067236 
 273  28.532190 1.354224 1.343750 0.578075 0.684896 0.389988 0.152341 -0.087717 
 274  40.219655 1.219401 1.297503 0.592566 0.648004 0.439437 0.153566 -0.071623 
 275  62.797976 1.217887 1.776288 0.606309 0.662915 0.354384 0.155913 -0.091466 
 276  20.596128 1.174857 1.462230 0.460618 0.665720 0.469071 0.149198 -0.066198 
 277   6.430233 1.413212 1.589274 0.494442 0.662066 0.441779 0.145780 -0.077906 
 278 216.616767 1.008728 1.379512 0.504000 0.634230 0.374658 0.153812 -0.069722 
 279   3.133936 1.440448 1.461092 0.548888 0.607155 0.357974 0.173392 -0.068184 
 280  16.540111 1.139467 1.654354 0.462889 0.677612 0.489905 0.166817 -0.077447 
 281   2.824931 1.385067 1.537212 0.564720 0.677590 0.328901 0.212120 -0.076982 
 282  10.807012 1.312005 1.282375 0.430108 0.680838 0.370692 0.170357 -0.073873 
 283   3.187674 1.237071 1.609079 0.564378 0.616811 0.477736 0.159389 -0.062354 
 284  65.965791 1.020395 1.684987 0.474508 0.599871 0.384707 0.171455 -0.069121 
 285  29.713831 1.135481 1.733380 0.584841 0.537806 0.366682 0.171510 -0.092071 
 286 142.295572 1.089836 1.509146 0.527609 0.721661 0.404679 0.178242 -0.084927 
 287  26.408939 1.325887 1.824393 0.457042 0.559152 0.409386 0.199516 -0.087085 
 288  92.346808 1.172493 1.291229 0.604608 0.616493 0.453103 0.147984 -0.092193 
 289  48.175898 1.026605 1.567398 0.474343 0.600990 0.374596 0.212128 -0.082386 
 290  27.434722 1.225023 1.509212 0.564805 0.677882 0.464152 0.152425 -0.084554 
 291   1.784037 1.118380 1.666352 0.530558 0.499414 0.424402 0.188221 -0.072242 
 292 116.219272 1.014707 1.545344 0.460663 0.613630 0.416491 0.143360 -0.063133 
 293  46.113587 1.120638 1.319779 0.433127 0.593520 0.429758 0.161461 -0.089430 
 294   5.878569 1.411631 1.420642 0.546629 0.596243 0.440948 0.158777 -0.068696 
 295  80.985296 1.225677 1.494800 0.630837 0.692578 0.337989 0.175462 -0.089112 
 296   3.445141 1.287485 1.333346 0.474612 0.671507 0.427533 0.170747 -0.070089 
 297  91.229339 1.044993 1.520399 0.492979 0.602775 0.417436 0.167684 -0.089656 
 298  15.388641 1.054371 1.652938 0.596668 0.510353 0.478630 0.169418 -0.078314 
 299   6.148698 1.268510 1.644565 0.587892 0.524539 0.332277 0.194610 -0.092288 
 300 368.862961 1.014941 1.389649 0.612596 0.671624 0.386713 0.150687 -0.077421 
 301  19.109400 1.440896 1.584972 0.591327 0.520362 0.486965 0.149717 -0.080406 
 302  46.613067 1.223612 1.549436 0.534553 0.659322 0.348797 0.165385 -0.086290 
 303 317.617334 0.995887 1.702804 0.496992 0.652484 0.386812 0.149910 -0.087219 
 304  17.844907 1.159378 1.788446 0.599570 0.607147 0.342431 0.192418 -0.069284 
 305   5.036028 1.189127 1.775970 0.585787 0.592906 0.390370 0.180712 -0.079158 
 306  51.636665 1.143538 1.664254 0.462297 0.704200 0.351764 0.191310 -0.079999 
 307  11.175328 1.104562 1.271753 0.508589 0.569969 0.452668 0.194226 -0.062163 
 308  25.801666 1.031546 1.785065 0.604214 0.615505 0.446101 0.189618 -0.062188 
 309  10.212567 1.364822 1.495095 0.480937 0.554617 0.366806 0.143846 -0.083489 
 310  23.427280 1.272057 1.612505 0.483520 0.728583 0.368299 0.174267 -0.088756 
 311  30.128681 1.162258 1.350038 0.525566 0.653704 0.360180 0.203769 -0.062317 
 312  51.705582 1.436758 1.635751 0.432812 0.511512 0.406068 0.204727 -0.080896 
 313   3.167321 1.069087 1.603587 0.560868 0.494200 0.485211 0.206324 -0.071009 
 314 122.482807 1.068637 1.838239 0.427430 0.690885 0.413914 0.162623 -0.087073 
 315  12.735396 1.346127 1.721201 0.574255 0.531685 0.478016 0.154899 -0.088277 
 316  46.593879 1.027747 1.289137 0.612556 0.509600 0.439646 0.207513 -0.067506 
 317  48.945871 1.049988 1.761307 0.597471 0.579342 0.391406 0.174442 -0.074135 
 318  28.595692 1.141415 1.483898 0.575046 0.625132 0.380196 0.193189 -0.073993 
 319  15.377274 1.381324 1.263970 0.472636 0.641942 0.455451 0.208022 -0.086790 
 320  27.549521 1.309599 1.326622 0.569002 0.689200 0.358598 0.182196 -0.089972 
 321  30.513890 1.393553 1.562723 0.447942 0.499048 0.380692 0.207529 -0.074748 
 322   6.938341 1.316204 1.494517 0.600783 0.506134 0.453680 0.180282 -0.081434 
 323 380.875710 1.014967 1.419613 0.433819 0.718868 0.376380 0.161122 -0.079656 
 324 393.358272 1.008918 1.381471 0.509667 0.679723 0.382806 0.147835 -0.080682 
 325   5.009261 1.225398 1.660742 0.538635 0.587333 0.354326 0.187880 -0.075759 
 326   8.646944 1.206505 1.612954 0.611956 0.538894 0.487515 0.192609 -0.070530 
 327   2.287501 1.332463 1.414500 0.621983 0.694276 0.415846 0.210998 -0.086273 
 328   2.049738 1.375751 1.407700 0.506113 0.713018 0.404063 0.197632 -0.083694 
 329  33.348632 1.359903 1.796794 0.495419 0.570397 0.415695 0.203735 -0.084780 
 330  10.616012 1.310058 1.579520 0.469004 0.535801 0.346201 0.148600 -0.074281 
 331 261.323801 1.014496 1.759263 0.572750 0.694038 0.341296 0.186596 -0.083134 
 332  21.834212 1.271955 1.632216 0.530049 0.601806 0.469804 0.204439 -0.073842 
 333   2.497440 1.133278 1.671680 0.448337 0.524033 0.418563 0.173579 -0.076776 
 334  99.010359 1.016097 1.453481 0.476008 0.683568 0.467991 0.173998 -0.061773 
 335   6.794730 1.440734 1.595236 0.512476 0.504932 0.388681 0.150025 -0.089994 
 336  13.194418 1.191589 1.718823 0.555659 0.509116 0.387774 0.150186 -0.078861 
 337 210.968324 1.085086 1.253507 0.627076 0.629316 0.439724 0.146747 -0.084226 
 338   5.434249 1.087186 1.575216 0.472194 0.571395 0.466862 0.175064 -0.066273 
 339   6.418538 1.313702 1.828478 0.457359 0.655524 0.406828 0.182288 -0.085124 
 340   5.786492 1.385461 1.680858 0.569359 0.566244 0.400527 0.163314 -0.074365 
 341  10.065665 1.364135 1.515044 0.630675 0.501907 0.398657 0.207641 -0.081428 
 342  90.672037 1.028298 1.251426 0.504214 0.577535 0.413888 0.184484 -0.083667 
 343 161.843075 1.153641 1.296891 0.608058 0.511028 0.328608 0.143409 -0.085895 
 344  19.375929 1.207737 1.622551 0.541146 0.574372 0.375286 0.158467 -0.082616 
 345   9.039314 1.327192 1.588030 0.444517 0.623760 0.486362 0.146673 -0.080726 
 346  72.795426 1.166274 1.250774 0.480124 0.617341 0.328825 0.187132 -0.089476 
 347  29.242412 1.229268 1.403256 0.555766 0.712132 0.380723 0.176273 -0.062252 
 348 106.007550 1.130509 1.569537 0.595717 0.689653 0.346100 0.167269 -0.067419 
 349   9.068547 1.166175 1.622895 0.608708 0.524126 0.351039 0.210137 -0.083535 
 350 152.975413 1.025397 1.272772 0.494626 0.615880 0.334422 0.183930 -0.063525 
 351 207.940292 0.994174 1.398376 0.629122 0.631871 0.407330 0.183308 -0.077531 
 352   2.232462 1.363405 1.297189 0.538150 0.524402 0.424397 0.166269 -0.091901 
 353   5.465339 1.311465 1.691658 0.460621 0.516211 0.378208 0.144715 -0.069937 
 354 117.921591 1.189429 1.255515 0.632365 0.627535 0.335665 0.163972 -0.064813 
 355  98.784410 1.014408 1.818258 0.459365 0.523731 0.352535 0.151114 -0.084511 
 356  21.762103 1.280014 1.699444 0.479355 0.599648 0.458456 0.198208 -0.080521 
 357   3.565125 1.159862 1.340338 0.550803 0.513034 0.467727 0.196177 -0.068534 
 358  30.330527 1.050644 1.756479 0.529113 0.640242 0.462483 0.175490 -0.067894 
 359  15.729985 1.393269 1.743869 0.489438 0.724598 0.443117 0.175264 -0.065435 
 360   8.806048 1.385885 1.628552 0.608091 0.610962 0.381732 0.150766 -0.091466 
 361 174.130428 1.033642 1.827704 0.547806 0.616803 0.339796 0.154494 -0.081253 
 362  29.417699 1.421004 1.842664 0.607003 0.513195 0.452821 0.167020 -0.084237 
 363   3.096404 1.255869 1.770727 0.623132 0.602526 0.430655 0.159156 -0.075397 
 364  15.088166 1.132996 1.699435 0.545362 0.536967 0.381730 0.172810 -0.083541 
 365   6.674088 1.290653 1.603856 0.568588 0.682631 0.408885 0.160433 -0.071896 
 366   3.807503 1.246922 1.527632 0.630144 0.611982 0.392822 0.200760 -0.080664 
 367 228.236345 1.049782 1.369452 0.499030 0.673248 0.332491 0.162360 -0.068905 
 368   3.246190 1.289717 1.585700 0.569247 0.488565 0.370495 0.159838 -0.068065 
 369   1.791669 1.257410 1.683809 0.619519 0.551655 0.371158 0.184383 -0.063659 
 370   4.431028 1.339706 1.791059 0.509044 0.571065 0.379293 0.168046 -0.087981 
 371   2.507873 1.316252 1.378492 0.524800 0.703639 0.393254 0.200321 -0.081689 
 372  10.681670 1.179069 1.324506 0.612555 0.511754 0.435796 0.182277 -0.064877 
 373  11.036012 1.417362 1.767251 0.491057 0.615428 0.413997 0.158491 -0.085962 
 374   4.950435 1.354831 1.773936 0.605861 0.625377 0.443869 0.159936 -0.089674 
 375 267.853998 0.983270 1.642684 0.586820 0.670163 0.464890 0.158839 -0.081299 
 376 204.459019 1.086766 1.293475 0.485867 0.653208 0.359181 0.154431 -0.085694 
 377   2.705682 1.383889 1.719602 0.612400 0.679086 0.423381 0.156113 -0.071274 
 378 147.561443 1.025330 1.524778 0.446276 0.710749 0.374055 0.209774 -0.076535 
 379  14.967251 1.451775 1.386459 0.508040 0.494772 0.466979 0.153242 -0.085691 
 380   1.895771 1.304876 1.502543 0.513409 0.716527 0.405859 0.192120 -0.080785 
 381   5.797948 1.295320 1.806355 0.509894 0.617662 0.433634 0.162404 -0.071557 
 382   4.573191 1.083423 1.559267 0.559120 0.574148 0.481373 0.194164 -0.070058 
 383  19.238391 1.078729 1.688133 0.585021 0.542817 0.478895 0.152641 -0.069589 
 384  10.831280 1.346307 1.447917 0.432810 0.603556 0.446350 0.174402 -0.074507 
 385 196.940758 1.069204 1.358364 0.432892 0.702879 0.338925 0.173255 -0.074565 
 386   9.233629 1.317563 1.710350 0.581771 0.721230 0.366426 0.168615 -0.071383 
 387  74.195322 1.056160 1.325373 0.549559 0.587302 0.462879 0.166507 -0.081289 
 388  23.062840 1.334178 1.564828 0.614512 0.618304 0.462680 0.208166 -0.062088 
 389   8.473828 1.237307 1.499783 0.516199 0.673680 0.422148 0.175361 -0.081648 
 390  31.713466 1.283583 1.824546 0.439229 0.578372 0.435977 0.199376 -0.071918 
 391   3.027696 1.405859 1.371303 0.562357 0.508348 0.379813 0.158938 -0.076931 
 392 337.264421 1.041051 1.620328 0.453041 0.708267 0.344283 0.144122 -0.075327 
 393  37.721161 1.419347 1.856914 0.521845 0.606309 0.389257 0.205068 -0.069438 
 394   5.294757 1.432489 1.480929 0.615939 0.636214 0.375828 0.210786 -0.091968 
 395  59.884623 1.433673 1.742987 0.492046 0.698353 0.489303 0.210531 -0.090971 
 396  12.572244 1.119223 1.384338 0.519688 0.600078 0.460562 0.183255 -0.073023 
 397   3.047935 1.413080 1.637359 0.597112 0.694777 0.425327 0.161289 -0.072105 
 398   2.203498 1.441893 1.356910 0.550256 0.715893 0.416823 0.177065 -0.078556 
 399   2.832001 1.377007 1.546350 0.537740 0.683831 0.371597 0.202310 -0.082359 
 400 103.489378 1.094916 1.766597 0.557052 0.627189 0.335310 0.147191 -0.062772 
 401   4.490153 1.386536 1.664403 0.510690 0.678263 0.374854 0.157564 -0.081203 
 402   2.881257 1.399283 1.562235 0.631235 0.699181 0.438140 0.182173 -0.086517 
 403  16.782285 1.077354 1.294168 0.500220 0.504494 0.417526 0.205040 -0.088648 
 404   9.207072 1.366568 1.718199 0.541060 0.508079 0.422842 0.154328 -0.081940 
 405   6.798984 1.274944 1.409456 0.572065 0.608738 0.478703 0.149199 -0.070324 
 406  16.034432 1.073193 1.455679 0.618978 0.513612 0.464035 0.205124 -0.091742 
 407  47.864191 1.217027 1.541468 0.590977 0.667575 0.416246 0.152019 -0.086593 
 408 268.218487 1.014659 1.274954 0.570202 0.711285 0.457543 0.158720 -0.061772 
 409   5.884805 1.152562 1.511065 0.565187 0.490978 0.438501 0.167399 -0.077445 
 410   2.945242 1.261487 1.542361 0.593110 0.687858 0.458825 0.192392 -0.090310 
 411   5.546502 1.278221 1.631528 0.617081 0.525073 0.341094 0.191046 -0.089195 
 412   4.221581 1.272542 1.775620 0.573964 0.663961 0.472598 0.169708 -0.081482 
 413   6.162670 1.299763 1.646617 0.562035 0.503469 0.337079 0.164050 -0.064135 
 414   3.048424 1.326504 1.673244 0.550507 0.571751 0.352266 0.169525 -0.066861 
 415   5.911097 1.431558 1.317775 0.445825 0.633047 0.446047 0.142571 -0.084829 
 416   7.627305 1.360706 1.692348 0.561825 0.594529 0.418430 0.166911 -0.066719 
 417   2.530336 1.184048 1.718808 0.596086 0.519316 0.391546 0.174369 -0.067718 
 418   5.869864 1.187590 1.734672 0.483556 0.534558 0.402686 0.203738 -0.078278 
 419   3.280863 1.265475 1.417778 0.575008 0.626632 0.390006 0.199320 -0.066870 
 420 176.332854 1.021407 1.765269 0.620161 0.711731 0.415716 0.182338 -0.072759 
 421  88.086286 1.015767 1.830127 0.536048 0.619980 0.439658 0.165690 -0.082449 
 422 180.006237 1.007062 1.749131 0.609615 0.617381 0.422582 0.152678 -0.084047 
 423 144.897911 0.989501 1.269295 0.481305 0.647742 0.377295 0.211169 -0.068728 
 424   3.569328 1.302011 1.745864 0.509334 0.682190 0.429747 0.164809 -0.083843 
 425   7.470752 1.049248 1.811603 0.441911 0.552134 0.463987 0.185002 -0.086598 
 426   3.572618 1.221375 1.842843 0.527572 0.634385 0.450942 0.167378 -0.065869 
 427  34.042252 1.132264 1.572830 0.607894 0.580696 0.417947 0.151351 -0.062920 
 428  21.202107 1.384673 1.323094 0.482146 0.621424 0.477418 0.189517 -0.072425 
 429  29.018929 1.231789 1.250872 0.439608 0.660859 0.475718 0.152794 -0.091767 
 430   5.768519 1.328056 1.729183 0.591709 0.552343 0.445712 0.161398 -0.088446 
 431   8.867224 1.200693 1.649681 0.426170 0.686991 0.354076 0.203738 -0.067882 
 432   9.910946 1.315981 1.257607 0.476326 0.628455 0.349407 0.178494 -0.065631 
 433 196.748705 0.994108 1.371484 0.526251 0.633106 0.360328 0.180960 -0.071205 
 434 203.131727 1.021388 1.693566 0.485754 0.695289 0.406575 0.147432 -0.065347 
 435 329.073094 1.069435 1.473887 0.634573 0.655368 0.328136 0.141848 -0.077324 
 436  43.875247 1.050280 1.797848 0.575469 0.703753 0.473878 0.209660 -0.076040 
 437 110.919790 0.983634 1.549013 0.551136 0.508209 0.438494 0.147407 -0.082704 
 438   8.528393 1.395265 1.646082 0.635374 0.729116 0.384787 0.162014 -0.087697 
 439  21.503248 1.373192 1.479320 0.629418 0.498588 0.447070 0.209725 -0.084303 
 440  27.585632 1.325397 1.850612 0.476491 0.708492 0.465751 0.209715 -0.086160 
 441   8.837352 1.327831 1.824183 0.480440 0.676174 0.393583 0.202907 -0.088150 
 442 312.249715 1.009646 1.839512 0.540006 0.723206 0.423051 0.180132 -0.091227 
 443   5.680359 1.421936 1.767530 0.595554 0.676004 0.360458 0.196694 -0.086912 
 444  34.834348 1.421019 1.710003 0.542487 0.651487 0.442720 0.198700 -0.079551 
 445  13.375572 1.235654 1.727590 0.504608 0.559417 0.440402 0.187369 -0.063824 
 446  61.903811 1.015290 1.567721 0.622052 0.531962 0.402506 0.175684 -0.066299 
 447 276.813459 0.990358 1.264006 0.448271 0.726922 0.467606 0.206998 -0.084981 
 448 551.246017 0.997774 1.685971 0.547160 0.730192 0.399555 0.151501 -0.082295 
 449  72.982250 1.039815 1.838520 0.478007 0.658057 0.444161 0.186556 -0.092333 
 450  36.938370 1.164923 1.423612 0.438851 0.610113 0.457066 0.141902 -0.082800 
 451  12.125616 1.090989 1.551056 0.602271 0.560354 0.410851 0.209241 -0.070359 
 452   2.540220 1.146861 1.796554 0.433227 0.592207 0.422247 0.185812 -0.074800 
 453  56.175544 0.979246 1.724932 0.445303 0.529005 0.443464 0.166751 -0.088488 
 454  12.347861 1.173981 1.865894 0.608617 0.689984 0.371641 0.208215 -0.071980 
 455  23.390072 0.999676 1.837772 0.429372 0.565044 0.397681 0.202930 -0.080692 
 456  46.778659 1.423991 1.760695 0.615700 0.563125 0.441838 0.208702 -0.084476 
 457  30.769630 1.104338 1.605076 0.460317 0.561480 0.382260 0.160843 -0.076277 
 458 106.932369 0.990849 1.639266 0.498102 0.602372 0.428181 0.157202 -0.071001 
 459   7.475461 1.398221 1.348626 0.560157 0.719675 0.344608 0.188865 -0.070036 
 460   4.762486 1.228015 1.581109 0.613475 0.603970 0.385352 0.198098 -0.085964 
 461  69.262597 0.995188 1.713356 0.537159 0.569504 0.379225 0.191519 -0.081398 
 462   8.409921 1.284802 1.857564 0.449298 0.658148 0.425997 0.174796 -0.066976 
 463  11.991923 1.075030 1.678083 0.525714 0.514002 0.466341 0.150240 -0.063582 
 464   6.507454 1.431141 1.740725 0.495707 0.607568 0.380117 0.158025 -0.091583 
 465   9.933357 1.296590 1.266710 0.586074 0.666265 0.454112 0.162717 -0.063847 
 466 131.151431 1.013373 1.250086 0.575735 0.669485 0.487562 0.200722 -0.075462 
 467  27.977114 1.250706 1.437648 0.556416 0.683357 0.489681 0.148991 -0.089790 
 468  31.887598 1.376329 1.389286 0.631679 0.682216 0.329825 0.164105 -0.070676 
 469  23.427951 1.132315 1.591107 0.480849 0.491682 0.422061 0.143912 -0.084807 
 470  34.572126 1.140102 1.454496 0.599201 0.596657 0.381886 0.179984 -0.067687 
 471 109.134206 1.120206 1.483380 0.561308 0.706094 0.438634 0.160878 -0.083278 
 472   2.188921 1.294359 1.483041 0.555246 0.613373 0.425865 0.183988 -0.071410 
 473   2.717614 1.267660 1.819937 0.553996 0.720721 0.403506 0.203999 -0.091692 
 474 127.314085 0.990386 1.818336 0.578867 0.585087 0.367270 0.181030 -0.087816 
 475  11.165582 1.248328 1.309824 0.434344 0.704897 0.405121 0.190910 -0.086001 
 476 184.068880 1.044193 1.852501 0.529166 0.689807 0.383711 0.149753 -0.072370 
 477  10.824514 1.427079 1.693446 0.565654 0.625477 0.430337 0.161521 -0.077809 
 478 165.061242 1.014869 1.349535 0.530698 0.522057 0.339751 0.158153 -0.078384 
 479  42.861039 1.123674 1.741409 0.507971 0.706643 0.472771 0.173098 -0.086071 
 480 121.773731 1.145185 1.336203 0.548390 0.614727 0.345213 0.147463 -0.072541 
 481  16.985977 1.188474 1.371529 0.573439 0.585623 0.476373 0.168014 -0.091528 
 482  23.042020 1.230444 1.656378 0.529564 0.642879 0.460889 0.141687 -0.085691 
 483   2.690950 1.400641 1.394658 0.493344 0.539703 0.331412 0.192801 -0.065184 
 484   3.005216 1.411123 1.352872 0.617102 0.555805 0.377820 0.176830 -0.086398 
 485   3.642903 1.171047 1.610180 0.457997 0.700360 0.454543 0.202861 -0.070196 
 486  16.423472 1.302056 1.396726 0.477159 0.543822 0.473261 0.194607 -0.088443 
 487  31.080722 1.311623 1.715954 0.562580 0.634298 0.488339 0.211039 -0.086837 
 488 195.463844 0.973180 1.687268 0.622377 0.712834 0.469863 0.201539 -0.068003 
 489  66.670431 1.055815 1.462783 0.426758 0.633592 0.478468 0.153875 -0.076261 
 490  49.567022 1.308253 1.272110 0.584075 0.582983 0.372514 0.142012 -0.080870 
 491 193.464200 1.050171 1.718818 0.529396 0.701504 0.409727 0.152279 -0.076495 
 492  10.841092 1.204868 1.330120 0.488229 0.609024 0.463897 0.158501 -0.074731 
 493   9.263198 1.310468 1.301232 0.558455 0.703764 0.397468 0.187424 -0.076691 
 494   3.831939 1.139401 1.760059 0.628784 0.501118 0.467773 0.192649 -0.075470 
 495  17.497978 1.033933 1.701560 0.440106 0.561741 0.405953 0.182177 -0.067321 
 496  58.203103 1.445135 1.699746 0.565898 0.602962 0.467169 0.210439 -0.091640 
 497  18.088551 1.302499 1.379668 0.509152 0.584321 0.375677 0.144140 -0.070461 
 498  15.678903 1.319300 1.674263 0.588867 0.506678 0.409609 0.194250 -0.065823 
 499  36.513226 1.143676 1.537957 0.548535 0.608803 0.358535 0.188569 -0.086400 
 500   3.945409 1.293687 1.395591 0.634077 0.647665 0.484334 0.188346 -0.065725 
 501  21.501625 1.362959 1.642715 0.447160 0.610740 0.465207 0.177772 -0.089500 
 502 156.691283 1.035700 1.589196 0.465031 0.698085 0.364812 0.210362 -0.090726 
 503   9.086485 1.323074 1.694069 0.441545 0.510730 0.356571 0.189049 -0.079950 
 504   7.986354 1.147594 1.456162 0.509007 0.497911 0.420471 0.169347 -0.083243 
 505   6.590191 1.224806 1.280552 0.601365 0.571637 0.439221 0.208568 -0.087896 
 506  22.898436 1.223689 1.533032 0.585035 0.649964 0.327784 0.209082 -0.078043 
 507  53.381298 1.081001 1.824799 0.525660 0.722785 0.431775 0.181410 -0.063562 
 508   3.842580 1.364271 1.393066 0.563809 0.533436 0.419809 0.145880 -0.068800 
 509  80.954155 1.033914 1.530273 0.622531 0.649627 0.409741 0.196335 -0.062013 
 510 109.259245 1.059597 1.696639 0.607839 0.661991 0.355953 0.185975 -0.073479 
 511  64.636466 1.054793 1.609861 0.618946 0.587757 0.409697 0.169855 -0.073301 
 512 261.854717 1.037441 1.847897 0.518040 0.721596 0.358914 0.148897 -0.066282 
 513   5.528149 1.335801 1.350032 0.505788 0.705491 0.427957 0.164416 -0.078937 
 514  53.482252 1.026274 1.307504 0.546172 0.562631 0.460424 0.172996 -0.062437 
 515   8.100091 1.447201 1.291811 0.511530 0.528468 0.433559 0.165137 -0.079532 
 516  34.759644 1.042718 1.704470 0.627965 0.559756 0.440558 0.170322 -0.069610 
 517  23.653287 1.397185 1.565456 0.511362 0.644728 0.437181 0.198090 -0.078317 
 518  43.029092 1.107455 1.322969 0.446399 0.586718 0.362456 0.189881 -0.083720 
 519 187.528585 0.982438 1.326240 0.582018 0.492052 0.359199 0.152804 -0.067431 
 520   7.013403 1.377323 1.554187 0.587565 0.487220 0.363553 0.193541 -0.070776 
 521  13.383315 1.410909 1.334933 0.542296 0.682530 0.433223 0.210282 -0.075414 
 522  29.880640 1.123034 1.727211 0.634152 0.635418 0.472494 0.148463 -0.062123 
 523  11.270276 1.018147 1.734020 0.579855 0.519706 0.475137 0.175622 -0.066323 
 524 605.337935 1.016330 1.646599 0.496648 0.717539 0.348381 0.149686 -0.090726 
 525  16.642499 1.138210 1.777055 0.475639 0.552186 0.488700 0.198352 -0.063714 
 526   3.834478 1.275447 1.729521 0.533633 0.719969 0.415484 0.177596 -0.078971 
 527  26.793143 1.175027 1.625745 0.547165 0.616637 0.390062 0.163982 -0.082076 
 528  42.902525 1.107635 1.745120 0.597447 0.581804 0.398439 0.152987 -0.071885 
 529  30.759413 1.241418 1.419625 0.483268 0.710481 0.347304 0.178639 -0.067248 
 530 190.767531 1.021262 1.450633 0.477421 0.668747 0.342971 0.196054 -0.083185 
 531  23.252210 1.275840 1.421186 0.480137 0.502735 0.471643 0.201480 -0.079930 
 532  92.204852 1.097297 1.349025 0.479102 0.622555 0.484021 0.147127 -0.090675 
 533  66.521422 1.158702 1.397066 0.482920 0.720794 0.411279 0.181070 -0.088566 
 534  14.183111 1.276218 1.298320 0.436482 0.669135 0.393519 0.163609 -0.076758 
 535   5.726264 1.210857 1.297908 0.464902 0.520769 0.385691 0.174007 -0.067809 
 536 105.634362 1.084366 1.437382 0.592901 0.610844 0.403339 0.145609 -0.063547 
 537  72.288052 1.173197 1.332039 0.425529 0.686458 0.388315 0.161788 -0.085529 
 538  49.090132 1.397547 1.773800 0.562312 0.614921 0.478247 0.191959 -0.069952 
 539 140.080827 1.127062 1.261821 0.585819 0.689488 0.343908 0.209301 -0.091421 
 540   4.372592 1.190472 1.506313 0.459996 0.657739 0.444576 0.210028 -0.067996 
 541 180.855037 1.056502 1.262424 0.481423 0.635021 0.353015 0.161288 -0.074684 
 542   1.355552 1.225178 1.599445 0.466759 0.589233 0.393595 0.202071 -0.090649 
 543   6.064922 1.127288 1.600805 0.469438 0.647428 0.423322 0.210816 -0.076635 
 544   8.573329 1.301801 1.830725 0.520752 0.523576 0.384103 0.185933 -0.087762 
 545  67.989829 0.999594 1.617826 0.436095 0.547645 0.427942 0.164816 -0.087932 
 546   3.107692 1.342411 1.626137 0.483305 0.561483 0.354881 0.175686 -0.083893 
 547   2.721281 1.246320 1.457376 0.565394 0.707451 0.474593 0.203995 -0.078906 
 548  14.129711 1.204422 1.783955 0.434613 0.530596 0.456895 0.177456 -0.071686 
 549  52.513372 1.036036 1.330748 0.461497 0.537344 0.445856 0.158162 -0.075583 
 550  10.811959 1.133074 1.598588 0.489493 0.515126 0.354657 0.183278 -0.074523 
 551  69.956191 1.131122 1.291747 0.454394 0.709380 0.393564 0.198970 -0.086740 
 552  69.746654 1.116384 1.679556 0.504161 0.680875 0.417262 0.171915 -0.091574 
 553  35.457019 1.134135 1.831199 0.487742 0.605060 0.338198 0.175410 -0.082842 
 554  10.620687 1.351571 1.691957 0.454454 0.519736 0.371913 0.173643 -0.069245 
 555  73.382996 1.181510 1.273743 0.565570 0.676761 0.345419 0.199029 -0.082859 
 556   7.471169 1.218232 1.635795 0.531368 0.687825 0.378417 0.204228 -0.080654 
 557   6.670589 1.385963 1.443156 0.549469 0.537580 0.367669 0.204789 -0.082872 
 558  27.351154 1.120260 1.478909 0.504626 0.513286 0.340536 0.178697 -0.069012 
 559 115.041516 1.139736 1.857364 0.527637 0.681097 0.330112 0.152690 -0.079283 
 560  38.143321 1.030515 1.851898 0.480045 0.644607 0.423602 0.196174 -0.076068 
 561  35.915277 1.404720 1.656964 0.442739 0.673767 0.485588 0.189760 -0.091559 
 562  81.431940 1.072304 1.605384 0.564625 0.616330 0.481439 0.144690 -0.081225 
 563 113.969931 0.979759 1.602183 0.610100 0.579554 0.416222 0.167561 -0.066993 
 564  32.096351 1.239982 1.574552 0.582833 0.655554 0.407545 0.142561 -0.071988 
 565 252.647917 1.006893 1.737464 0.595091 0.726579 0.399149 0.204996 -0.084655 
 566  42.868289 1.165438 1.607208 0.576902 0.639069 0.351476 0.168827 -0.066329 
 567  20.742614 1.012123 1.515199 0.591629 0.515325 0.490113 0.188932 -0.076833 
 568  13.375705 1.229335 1.269973 0.565968 0.512022 0.418576 0.171256 -0.086025 
 569  31.612706 0.992026 1.517850 0.451620 0.518868 0.362676 0.207962 -0.065070 
 570   3.717561 1.285813 1.767631 0.606578 0.502929 0.394013 0.182838 -0.082790 
 571   3.069311 1.237481 1.851420 0.602403 0.645039 0.391858 0.186362 -0.085113 
 572  25.382867 1.157256 1.435671 0.478691 0.713986 0.382164 0.207277 -0.062612 
 573  18.309221 1.400938 1.464225 0.599086 0.717193 0.454639 0.209296 -0.063883 
 574  16.687206 1.449975 1.805528 0.463604 0.646138 0.446009 0.145000 -0.083684 
 575 113.183706 1.033152 1.641421 0.509865 0.655623 0.424951 0.159055 -0.072051 
 576  13.447782 1.448478 1.796354 0.445779 0.580681 0.356571 0.167138 -0.071294 
 577   9.470997 1.217499 1.427930 0.497690 0.587075 0.431064 0.153882 -0.072507 
 578  39.980535 1.168293 1.328888 0.514794 0.586990 0.330980 0.185148 -0.063513 
 579  16.237859 1.330671 1.661782 0.589173 0.702526 0.375232 0.154637 -0.079320 
 580  17.143883 1.399290 1.516748 0.617907 0.702498 0.377827 0.142831 -0.069841 
 581   7.310400 1.204669 1.483932 0.547446 0.488291 0.436230 0.207436 -0.074366 
 582 149.734669 1.113833 1.312497 0.586946 0.661408 0.365317 0.155540 -0.065443 
 583   1.953046 1.091948 1.754670 0.463619 0.488518 0.404924 0.209993 -0.088992 
 584   2.346401 1.340040 1.341686 0.522509 0.647921 0.422223 0.168456 -0.078343 
 585   9.746293 1.398896 1.495544 0.595966 0.579589 0.453958 0.169457 -0.073419 
 586  33.649971 1.181564 1.449767 0.593223 0.668086 0.397009 0.181732 -0.075697 
 587   2.113064 1.287291 1.724561 0.547485 0.710285 0.421383 0.196070 -0.089973 
 588 227.383696 0.992574 1.706862 0.595834 0.686818 0.472067 0.161084 -0.076360 
 589   6.645585 1.193697 1.656419 0.428837 0.574067 0.335580 0.200645 -0.084265 
 590  27.488401 1.367796 1.389917 0.449357 0.552307 0.417307 0.206582 -0.061903 
 591   7.253501 1.441101 1.550430 0.523114 0.642416 0.367835 0.145140 -0.078631 
 592   3.535465 1.366851 1.759276 0.524521 0.700312 0.417950 0.161756 -0.082984 
 593  61.844256 1.181057 1.597370 0.460785 0.708028 0.362277 0.155500 -0.069704 
 594 151.350442 1.096564 1.266911 0.635783 0.509526 0.369366 0.149996 -0.072655 
 595   3.360042 1.359321 1.270726 0.502175 0.678669 0.412449 0.200808 -0.074634 
 596   7.048462 1.340421 1.801030 0.630940 0.631786 0.442639 0.173480 -0.076026 
 597  77.066891 1.093998 1.706623 0.458487 0.657848 0.375439 0.165402 -0.080297 
 598   7.287200 1.214485 1.580294 0.608474 0.675964 0.419279 0.203135 -0.088290 
 599   4.739685 1.365154 1.864341 0.471799 0.640444 0.331150 0.183671 -0.074384 
 600   4.672391 1.231890 1.516625 0.601709 0.563859 0.379021 0.199258 -0.089573 
 601  78.707845 0.978829 1.413150 0.503841 0.556066 0.490740 0.179781 -0.091883 
 602  59.094873 1.110537 1.794298 0.549137 0.682997 0.393949 0.174198 -0.079423 
 603   4.754519 1.437880 1.453649 0.518383 0.679983 0.379109 0.189084 -0.074551 
 604  44.468032 1.133255 1.413292 0.601136 0.703191 0.440964 0.189305 -0.067802 
 605  22.012380 0.973874 1.552622 0.447232 0.495607 0.450364 0.176023 -0.071370 
 606  21.428867 1.332198 1.263900 0.487693 0.498643 0.474597 0.204662 -0.087803 
 607   3.555278 1.117535 1.467109 0.515032 0.555355 0.438563 0.203522 -0.063792 
 608  29.096538 1.451029 1.588249 0.528230 0.569885 0.459743 0.164766 -0.068564 
 609  17.451015 1.212683 1.248621 0.514620 0.613307 0.407228 0.179622 -0.078607 
 610 350.615028 1.085133 1.262496 0.608313 0.729457 0.335169 0.153624 -0.062877 
 611   4.051053 1.427640 1.285779 0.613145 0.550202 0.394551 0.164369 -0.078183 
 612  91.375950 1.012712 1.370421 0.553233 0.509215 0.448503 0.148768 -0.074838 
 613  14.154147 1.234984 1.515343 0.563050 0.501125 0.397455 0.147501 -0.079305 
 614  67.309757 1.412603 1.635119 0.450931 0.526325 0.432495 0.212147 -0.066377 
 615  38.462577 1.303086 1.351750 0.465670 0.643591 0.364306 0.147884 -0.089339 
 616  25.125582 1.277028 1.504053 0.517076 0.665239 0.426428 0.145043 -0.086894 
 617  45.875556 1.136426 1.341513 0.477221 0.706344 0.421809 0.205811 -0.091069 
 618 201.621819 0.971738 1.865940 0.536702 0.712852 0.427106 0.188232 -0.064278 
 619  72.703547 1.091075 1.656767 0.475310 0.717795 0.461572 0.172652 -0.079729 
 620  65.859895 0.991305 1.577058 0.527718 0.654465 0.480604 0.207322 -0.074459 
 621  25.121625 1.231396 1.857584 0.474614 0.704538 0.347938 0.176277 -0.085987 
 622  12.676838 1.309245 1.495560 0.582697 0.660832 0.390516 0.161437 -0.081284 
 623  66.033918 1.450882 1.833829 0.577918 0.548582 0.424363 0.210139 -0.067717 
 624   9.566126 1.168980 1.501747 0.590887 0.600084 0.480000 0.161172 -0.066221 
 625   3.080172 1.389884 1.375743 0.544319 0.588505 0.356912 0.198685 -0.071088 
 626   1.995245 1.117252 1.432755 0.445170 0.490470 0.440544 0.201669 -0.083967 
 627 167.773699 1.006638 1.328256 0.501442 0.506084 0.338234 0.148066 -0.071749 
 628   5.693830 1.288093 1.285055 0.535956 0.505859 0.403442 0.163923 -0.078232 
 629   9.864532 1.161606 1.617245 0.570288 0.553379 0.457500 0.159837 -0.082776 
 630  11.232687 1.441385 1.287856 0.635067 0.556977 0.386088 0.148358 -0.070836 
 631  56.368734 0.993538 1.836988 0.429524 0.519500 0.339062 0.169308 -0.068072 
 632 318.277014 1.035736 1.549188 0.538399 0.682397 0.415880 0.146394 -0.088639 
 633 163.453347 0.971914 1.486995 0.512594 0.586613 0.486668 0.149242 -0.082537 
 634   1.533871 1.341260 1.476080 0.501870 0.669722 0.397447 0.167294 -0.062700 
 635   5.237569 1.350039 1.534021 0.495141 0.692336 0.393009 0.167203 -0.091621 
 636   5.057788 1.197785 1.717860 0.463180 0.636944 0.365753 0.192890 -0.074413 
 637   4.696610 1.344412 1.742294 0.486310 0.678620 0.355853 0.191996 -0.067572 
 638 328.720662 1.040545 1.759519 0.609217 0.711577 0.357508 0.158661 -0.082247 
 639  33.776218 1.265485 1.624822 0.573685 0.585609 0.337384 0.144548 -0.069179 
 640  64.236105 1.192820 1.499636 0.470804 0.716005 0.352761 0.170316 -0.078663 
 641  39.704708 1.157678 1.329131 0.629639 0.528516 0.478065 0.160285 -0.091026 
 642  37.124617 1.015092 1.856849 0.455651 0.547414 0.457338 0.143226 -0.066783 
 643  10.291889 1.442667 1.412695 0.601789 0.632229 0.469175 0.180164 -0.092379 
 644  45.202604 1.418150 1.613865 0.476027 0.583316 0.489096 0.174606 -0.071882 
 645 105.326242 1.038580 1.791986 0.612216 0.618189 0.327493 0.202333 -0.083386 
 646   3.029306 1.415189 1.323952 0.564499 0.492375 0.343141 0.199092 -0.069868 
 647   6.353666 1.400164 1.769033 0.516580 0.700013 0.343384 0.161093 -0.076044 
 648  17.827474 1.435901 1.759689 0.523280 0.705660 0.393677 0.192131 -0.070574 
 649  61.151868 1.159625 1.360255 0.556542 0.619170 0.335653 0.177921 -0.064048 
 650 590.052216 0.993873 1.479392 0.590801 0.725295 0.407779 0.173427 -0.092358 
 651   8.413694 1.253549 1.411212 0.480620 0.604829 0.342995 0.191427 -0.072580 
 652   8.932415 1.062607 1.858958 0.598999 0.526714 0.457935 0.162399 -0.063417 
 653  76.119742 1.067437 1.252667 0.498279 0.633693 0.357855 0.210671 -0.066008 
 654  30.427505 1.083696 1.552877 0.471188 0.558453 0.467799 0.142264 -0.069913 
 655  34.095486 1.138341 1.534363 0.480932 0.716652 0.445069 0.179522 -0.074684 
 656   2.547084 1.363438 1.397382 0.589633 0.490242 0.362946 0.184558 -0.066981 
 657  29.339414 0.976522 1.809925 0.473545 0.541536 0.475749 0.182953 -0.086992 
 658 222.756124 1.014162 1.597222 0.629118 0.568664 0.335091 0.155061 -0.080909 
 659   2.451681 1.407297 1.372492 0.614126 0.550434 0.434918 0.153308 -0.067806 
 660   3.341223 1.151385 1.685417 0.556775 0.534925 0.481047 0.170457 -0.068019 
 661  23.985380 1.044897 1.256948 0.505217 0.530191 0.476871 0.185270 -0.073906 
 662   2.932659 1.366265 1.373351 0.471480 0.710882 0.451623 0.155158 -0.069382 
 663   1.790647 1.359443 1.486133 0.610469 0.661716 0.422273 0.196568 -0.091660 
 664  15.010731 1.083943 1.835656 0.461628 0.637853 0.432353 0.198508 -0.086682 
 665  28.725731 1.250234 1.379897 0.428826 0.667953 0.364127 0.170335 -0.089889 
 666 380.594708 1.036038 1.262145 0.491422 0.721893 0.363773 0.179973 -0.088756 
 667  10.563610 1.444296 1.705698 0.452477 0.680338 0.346033 0.142584 -0.077285 
 668   5.880780 1.304982 1.741141 0.526871 0.715160 0.446963 0.188521 -0.078671 
 669  58.655655 1.149399 1.539107 0.502143 0.720549 0.438103 0.169309 -0.083158 
 670  76.256139 1.405345 1.745471 0.555104 0.497962 0.461335 0.207900 -0.061835 
 671 219.995336 0.989029 1.546542 0.612529 0.493907 0.361871 0.143272 -0.086868 
 672   4.554186 1.126285 1.271409 0.493883 0.492871 0.462629 0.199293 -0.091139 
 673   2.930751 1.238968 1.546029 0.532823 0.714879 0.481659 0.204040 -0.089091 
 674  42.181896 1.269058 1.418527 0.549608 0.615242 0.338735 0.156532 -0.079150 
 675   2.465533 1.398957 1.339944 0.546413 0.714687 0.429577 0.174643 -0.091211 
 676   3.359456 1.373448 1.553962 0.589735 0.527330 0.413554 0.149488 -0.067391 
 677  39.443806 1.140131 1.826002 0.455183 0.710214 0.393277 0.188357 -0.087784 
 678  64.449506 1.136444 1.586408 0.581452 0.723503 0.460632 0.165331 -0.076867 
 679  18.743114 1.396877 1.588761 0.437880 0.676359 0.440646 0.187117 -0.083479 
 680  25.970243 1.122501 1.316392 0.566413 0.525425 0.425348 0.173710 -0.071507 
 681  51.149454 1.029838 1.600519 0.532050 0.604958 0.407564 0.188099 -0.073886 
 682  58.148743 1.401236 1.445913 0.476796 0.546429 0.467812 0.211815 -0.068166 
 683   8.641281 1.294744 1.452000 0.574277 0.623908 0.470025 0.196422 -0.072002 
 684   3.328537 1.242162 1.508347 0.434195 0.702949 0.413388 0.192565 -0.062912 
 685  26.224179 1.029347 1.356186 0.501219 0.549200 0.447987 0.203473 -0.084328 
 686   4.876692 1.079092 1.579142 0.453007 0.517563 0.465907 0.168919 -0.072928 
 687   2.870785 1.310349 1.483621 0.547166 0.580358 0.442460 0.162120 -0.090664 
 688   3.745128 1.247527 1.288032 0.483644 0.522275 0.405953 0.164924 -0.062513 
 689 117.921745 0.971969 1.278749 0.439315 0.520074 0.363626 0.172503 -0.073596 
 690  25.629235 1.433105 1.441687 0.451006 0.533603 0.464799 0.160306 -0.071306 
 691  19.948131 1.301436 1.653646 0.568779 0.583726 0.331727 0.160283 -0.085583 
 692   5.809596 1.322380 1.593518 0.577127 0.562649 0.428283 0.141857 -0.075574 
 693  46.439984 1.016035 1.455833 0.526473 0.513374 0.389751 0.180937 -0.069066 
 694   2.134088 1.260818 1.867061 0.557955 0.625067 0.376686 0.195355 -0.084899 
 695  95.687138 1.037480 1.262640 0.439175 0.689990 0.437390 0.195019 -0.068645 
 696   3.203908 1.307383 1.259477 0.425567 0.592775 0.420797 0.193262 -0.084488 
 697  34.815539 1.059949 1.705595 0.465728 0.557655 0.338062 0.189758 -0.073817 
 698  33.315995 1.185188 1.395138 0.559482 0.500289 0.364482 0.160782 -0.080686 
 699  56.930366 1.224697 1.266831 0.503741 0.651367 0.335975 0.173298 -0.077197 
 700   5.230509 1.319953 1.374185 0.579843 0.591553 0.363292 0.194169 -0.088143 
 701   2.960905 1.351676 1.542647 0.552238 0.726585 0.360822 0.198362 -0.069975 
 702  82.288243 1.099603 1.548718 0.565741 0.662748 0.444619 0.163382 -0.085451 
 703  36.423247 1.425671 1.609035 0.507541 0.603145 0.426793 0.196130 -0.066216 
 704   8.412891 1.288601 1.383977 0.563130 0.582100 0.395933 0.169310 -0.086793 
 705   8.389390 1.278119 1.331545 0.568103 0.592791 0.426354 0.161751 -0.074418 
 706   2.290737 1.360810 1.301883 0.569872 0.507540 0.420169 0.166852 -0.086368 
 707   9.828092 1.106419 1.662534 0.546645 0.543616 0.366938 0.210458 -0.083393 
 708  20.016843 1.380203 1.711487 0.605778 0.612425 0.484367 0.177971 -0.089432 
 709  19.059338 1.152312 1.812784 0.576977 0.492450 0.333578 0.170013 -0.075614 
 710   4.728588 1.280211 1.676028 0.608688 0.598441 0.453547 0.181194 -0.078237 
 711   5.325605 1.132834 1.819525 0.496991 0.639829 0.422125 0.206935 -0.088031 
 712  13.180224 1.366392 1.806720 0.543929 0.651577 0.431602 0.171559 -0.067416 
 713  14.160949 1.257834 1.832605 0.443605 0.725840 0.464946 0.199236 -0.061637 
 714   6.644984 1.394383 1.382397 0.520715 0.615339 0.474656 0.164778 -0.091866 
 715  42.429624 1.294030 1.801247 0.534840 0.490654 0.458492 0.202993 -0.081335 
 716  21.286189 1.153247 1.740922 0.529763 0.537349 0.439319 0.146173 -0.088724 
 717 150.313472 1.124561 1.552347 0.438732 0.711874 0.396665 0.153067 -0.089380 
 718  37.228305 1.097021 1.857042 0.615465 0.523138 0.358515 0.167041 -0.082345 
 719 274.155660 1.012882 1.676508 0.563120 0.673882 0.420996 0.154277 -0.085640 
 720  21.935757 1.149908 1.276820 0.513308 0.671992 0.463990 0.206746 -0.091305 
 721   3.423494 1.220380 1.862474 0.603162 0.693023 0.404496 0.206353 -0.085231 
 722   4.831752 1.402183 1.295773 0.565865 0.527064 0.335803 0.182120 -0.071184 
 723   7.959626 1.086095 1.829350 0.632762 0.569227 0.428364 0.186979 -0.064775 
 724  43.877941 1.060777 1.759686 0.611324 0.625451 0.468910 0.163185 -0.071644 
 725   8.970250 1.307923 1.388409 0.485601 0.541710 0.361515 0.151206 -0.063716 
 726  37.400576 1.298194 1.279365 0.601214 0.628315 0.347948 0.177360 -0.084482 
 727 233.560615 1.054835 1.296297 0.435472 0.590343 0.328680 0.144350 -0.085012 
 728   1.942496 1.271667 1.672187 0.607002 0.686733 0.408967 0.194475 -0.073508 
 729  87.902221 1.145141 1.280253 0.575103 0.503841 0.372468 0.141835 -0.070596 
 730  40.079656 1.203441 1.334730 0.500484 0.528287 0.358162 0.155526 -0.084637 
 731  13.010770 1.120982 1.685908 0.528070 0.607901 0.454673 0.180186 -0.089902 
 732   2.579599 1.349500 1.612318 0.567956 0.588449 0.370330 0.179992 -0.068830 
 733   2.168574 1.337498 1.428381 0.555730 0.518727 0.382948 0.165255 -0.067690 
 734   6.665521 1.266851 1.458559 0.527841 0.512512 0.405143 0.201822 -0.069995 
 735   4.519941 1.290189 1.277501 0.428354 0.726356 0.449745 0.177809 -0.076299 
 736  27.594207 1.223662 1.283218 0.507983 0.564288 0.431950 0.146923 -0.084148 
 737  16.449706 1.405493 1.633281 0.628967 0.649763 0.475505 0.183244 -0.086140 
 738 160.536945 1.087679 1.823518 0.634832 0.697849 0.369693 0.175889 -0.091434 
 739   2.285005 1.324303 1.456976 0.475138 0.585089 0.389724 0.160132 -0.073415 
 740 162.540864 1.031514 1.730468 0.606500 0.647843 0.462927 0.159795 -0.091658 
 741   3.759054 1.195434 1.455280 0.574095 0.578262 0.482557 0.189377 -0.062868 
 742   2.478955 1.382366 1.412118 0.601637 0.512388 0.357518 0.200534 -0.091418 
 743  26.593644 1.183406 1.445627 0.622595 0.531345 0.433803 0.154202 -0.079558 
 744 119.951686 0.984350 1.522400 0.628932 0.527396 0.362035 0.200188 -0.086994 
 745 274.003200 0.988596 1.300731 0.593679 0.612035 0.395370 0.177593 -0.088897 
 746  23.498959 1.145290 1.362310 0.620615 0.541384 0.400198 0.195786 -0.071635 
 747  12.708455 1.273653 1.620990 0.486319 0.505852 0.476804 0.157935 -0.069540 
 748   2.450117 1.241972 1.503039 0.602260 0.633321 0.466008 0.198772 -0.085157 
 749  42.172782 0.997712 1.644253 0.548935 0.512520 0.444914 0.169190 -0.080585 
 750 123.565179 1.033926 1.808388 0.530568 0.609612 0.340492 0.172051 -0.083928 
 751   2.909616 1.223284 1.369958 0.434763 0.525923 0.456965 0.166007 -0.068854 
 752  11.530564 1.310496 1.607082 0.528583 0.553872 0.488210 0.165259 -0.088505 
 753   9.877850 1.370991 1.336405 0.559337 0.704982 0.454267 0.157721 -0.092337 
 754  18.330192 1.208171 1.633249 0.554244 0.641260 0.411527 0.149886 -0.065756 
 755  14.098885 1.256798 1.589417 0.606295 0.517440 0.448687 0.206074 -0.070319 
 756  13.562660 1.227314 1.407356 0.533949 0.546494 0.463124 0.142446 -0.077527 
 757   8.584475 1.362459 1.463971 0.506814 0.644961 0.407001 0.143654 -0.078283 
 758  88.431146 1.096006 1.408189 0.538395 0.672506 0.470203 0.152500 -0.073708 
 759  39.746662 1.156539 1.417099 0.535951 0.727447 0.461047 0.169067 -0.064999 
 760   7.569488 1.239389 1.434330 0.507415 0.510706 0.417832 0.206176 -0.072069 
 761  28.382725 1.154250 1.824601 0.605684 0.535875 0.371396 0.159133 -0.087701 
 762  16.411955 1.334837 1.420630 0.506485 0.492658 0.414458 0.207350 -0.085720 
 763  44.197411 1.165212 1.299563 0.461360 0.681351 0.385053 0.191464 -0.085724 
 764 295.951885 1.051132 1.305565 0.613446 0.665632 0.391144 0.161925 -0.087132 
 765  11.450676 1.425304 1.372286 0.459801 0.567505 0.347358 0.143432 -0.077908 
 766   2.381606 1.158388 1.418670 0.503905 0.524055 0.417206 0.195832 -0.066950 
 767 116.907455 1.008426 1.681471 0.626841 0.606804 0.454366 0.151018 -0.070470 
 768   4.076310 1.031367 1.770491 0.439101 0.560933 0.479279 0.209911 -0.062683 
 769  93.564455 1.123090 1.405200 0.607197 0.551822 0.401000 0.143937 -0.079924 
 770  23.881182 1.245969 1.284743 0.450374 0.722927 0.381580 0.177093 -0.065264 
 771   5.771294 1.395156 1.414798 0.486046 0.722537 0.484578 0.159262 -0.075678 
 772   4.041579 1.325806 1.486676 0.581952 0.699178 0.363162 0.199393 -0.066924 
 773 185.935715 1.040307 1.735428 0.468103 0.601651 0.332608 0.146710 -0.084241 
 774  13.636714 1.202333 1.313632 0.493969 0.501444 0.354041 0.173775 -0.062406 
 775   3.862964 1.208285 1.844398 0.454767 0.579527 0.363695 0.172596 -0.072229 
 776 256.420791 1.057560 1.676852 0.594056 0.712362 0.338612 0.180343 -0.086071 
 777 163.866035 1.108154 1.474825 0.629083 0.594133 0.350863 0.154019 -0.089591 
 778  90.827664 1.054004 1.402488 0.560509 0.648427 0.384911 0.210556 -0.083786 
 779   2.471030 1.218141 1.515322 0.582254 0.490434 0.390050 0.204726 -0.073682 
 780  45.548992 1.261904 1.453549 0.580323 0.680200 0.329927 0.179798 -0.083671 
 781 146.238955 1.009829 1.302125 0.532351 0.578793 0.400859 0.175475 -0.086701 
 782   3.258592 1.255920 1.656015 0.577439 0.675398 0.474677 0.167632 -0.074980 
 783  28.887163 1.091035 1.461176 0.456807 0.675022 0.453177 0.205407 -0.085756 
 784  90.028104 1.042631 1.742735 0.461436 0.672686 0.347200 0.206308 -0.078654 
 785  18.700671 1.035236 1.530975 0.481305 0.542093 0.415581 0.196923 -0.080121 
 786  11.772788 1.447385 1.410153 0.512258 0.629789 0.476686 0.151518 -0.072624 
 787  35.783397 1.362547 1.564840 0.591975 0.504102 0.466159 0.208654 -0.087485 
 788   5.363600 1.267797 1.777354 0.556438 0.675652 0.432095 0.198332 -0.078079 
 789   4.795775 1.337494 1.694318 0.442818 0.707009 0.354806 0.167022 -0.065532 
 790  23.684903 1.311138 1.335654 0.578552 0.657581 0.392694 0.151889 -0.070371 
 791   8.863111 1.120006 1.426093 0.560249 0.518683 0.456961 0.172399 -0.067718 
 792   3.417791 1.278993 1.486435 0.432276 0.551014 0.364898 0.188593 -0.062696 
 793   2.335817 1.389853 1.538184 0.544972 0.641889 0.356696 0.188285 -0.078150 
 794  74.683657 1.136931 1.259520 0.564985 0.501328 0.353201 0.169498 -0.084929 
 795   5.738390 1.238684 1.584566 0.432945 0.699942 0.462133 0.190089 -0.061679 
 796   5.220528 1.267081 1.322813 0.466653 0.550654 0.409327 0.158608 -0.077691 
 797   4.253057 1.322496 1.812081 0.542301 0.634341 0.387571 0.150708 -0.068963 
 798  11.554877 1.233864 1.739734 0.588595 0.706035 0.459143 0.172852 -0.091055 
 799  22.659180 1.435268 1.769325 0.575316 0.615015 0.388521 0.195121 -0.073859 
 800  64.847402 1.064606 1.523072 0.508925 0.686352 0.418933 0.184206 -0.064003 
 801 213.231817 0.998353 1.773418 0.551299 0.680897 0.449244 0.152821 -0.073895 
 802 250.868916 1.023662 1.427175 0.559302 0.649026 0.339499 0.170954 -0.078929 
 803   8.364406 1.394729 1.782158 0.534023 0.693554 0.440326 0.158077 -0.073051 
 804  71.137059 1.000091 1.864935 0.587201 0.551974 0.397466 0.153665 -0.064170 
 805  58.953988 1.447262 1.729845 0.458230 0.500093 0.427684 0.195545 -0.087721 
 806   4.985071 1.142334 1.822343 0.476415 0.602958 0.361157 0.204290 -0.065897 
 807  65.075086 1.104843 1.435240 0.572857 0.527249 0.352736 0.157256 -0.061954 
 808   3.623945 1.378221 1.531210 0.505260 0.709818 0.399599 0.152441 -0.067137 
 809  10.561642 1.390066 1.449876 0.479801 0.697244 0.342858 0.171667 -0.089787 
 810  39.819185 1.311596 1.364439 0.585808 0.504277 0.344709 0.142342 -0.078395 
 811  63.205724 1.120257 1.807068 0.569179 0.632706 0.359267 0.168997 -0.085061 
 812  53.436121 1.138412 1.627449 0.587925 0.535836 0.337336 0.152682 -0.065097 
 813   1.797575 1.212175 1.441220 0.486178 0.578923 0.430786 0.181001 -0.068954 
 814  12.792219 1.320775 1.860254 0.456638 0.594087 0.354648 0.206537 -0.077274 
 815   3.374834 1.101003 1.826873 0.435488 0.630773 0.461945 0.193921 -0.067350 
 816 144.705958 0.977501 1.326597 0.625065 0.577751 0.447290 0.192693 -0.079198 
 817  12.392556 1.353265 1.795983 0.569199 0.560401 0.357928 0.210856 -0.082452 
 818  11.407319 1.365360 1.581652 0.618151 0.621147 0.411597 0.146539 -0.092050 
 819   9.299588 1.298888 1.863860 0.529477 0.720679 0.476834 0.180662 -0.078473 
 820   1.964183 1.325318 1.429406 0.579720 0.671822 0.395367 0.189953 -0.065592 
 821 246.306285 1.040948 1.500467 0.572609 0.717822 0.373462 0.168921 -0.069214 
 822   2.656500 1.195769 1.475186 0.619940 0.558231 0.474240 0.201076 -0.087517 
 823   4.212399 1.168693 1.815721 0.599981 0.511148 0.473911 0.164796 -0.063348 
 824   3.590524 1.360718 1.796715 0.552174 0.621097 0.355023 0.165610 -0.071073 
 825  52.060973 1.251980 1.261772 0.516678 0.666844 0.397002 0.151381 -0.082673 
 826  21.860213 1.311368 1.574997 0.621456 0.531057 0.472495 0.202179 -0.076126 
 827   9.334964 1.348856 1.682112 0.490372 0.536297 0.426260 0.151737 -0.070836 
 828   1.356771 1.211097 1.541783 0.499602 0.563609 0.384485 0.209654 -0.088190 
 829   2.087194 1.219787 1.435407 0.460226 0.513254 0.379945 0.184649 -0.087608 
 830   2.435151 1.330549 1.713619 0.536061 0.598892 0.371408 0.174167 -0.081267 
 831 245.769340 1.044632 1.444949 0.447355 0.717456 0.329051 0.171565 -0.066120 
 832   2.778348 1.266539 1.601444 0.518684 0.516209 0.333289 0.198469 -0.074929 
 833  54.178924 1.155491 1.725015 0.486768 0.708291 0.337798 0.174660 -0.062048 
 834  24.784048 1.155395 1.294793 0.606100 0.520390 0.461544 0.169039 -0.079918 
 835  61.600201 1.012234 1.776862 0.473458 0.548033 0.353893 0.165917 -0.067604 
 836 103.594803 1.052446 1.726421 0.496444 0.679959 0.381698 0.197414 -0.089640 
 837  30.504204 1.147244 1.617145 0.496742 0.671780 0.385446 0.186855 -0.082092 
 838 108.174066 1.171669 1.314238 0.568132 0.684025 0.356834 0.179749 -0.090682 
 839  11.422177 0.969119 1.826064 0.538264 0.510027 0.453813 0.196277 -0.072178 
 840  31.653506 1.421546 1.320219 0.538135 0.514375 0.471567 0.203910 -0.089408 
 841 122.320221 1.072328 1.665101 0.596403 0.629924 0.369737 0.152669 -0.072183 
 842  36.367587 1.266160 1.744419 0.425892 0.496173 0.474717 0.190367 -0.087620 
 843 135.373731 1.008091 1.390038 0.591278 0.507941 0.352396 0.164825 -0.067109 
 844  34.470469 1.417118 1.310592 0.534723 0.697916 0.362545 0.145894 -0.091678 
 845  42.689861 1.015665 1.835024 0.610435 0.563699 0.426861 0.190638 -0.089318 
 846  15.510813 1.388685 1.777762 0.475630 0.605399 0.432644 0.159474 -0.077679 
 847  29.548256 1.232368 1.835344 0.501777 0.640436 0.354829 0.152639 -0.083597 
 848  16.556775 1.124280 1.549987 0.613325 0.548300 0.422785 0.171005 -0.065168 
 849  11.599574 1.355348 1.545008 0.443587 0.706145 0.395375 0.210404 -0.068155 
 850 293.032612 0.980532 1.662609 0.447903 0.705240 0.411195 0.166825 -0.073313 
 851 132.826947 1.044441 1.627863 0.615297 0.658731 0.417182 0.160661 -0.071863 
 852  54.931270 1.315945 1.513288 0.434047 0.497379 0.475928 0.208183 -0.070612 
 853   3.224280 1.206784 1.469991 0.510589 0.558736 0.463271 0.177059 -0.067527 
 854  37.133812 1.088248 1.542925 0.509918 0.554029 0.349625 0.178276 -0.066818 
 855   2.371290 1.282836 1.793572 0.540538 0.684132 0.406230 0.173605 -0.077387 
 856 253.869008 0.984012 1.698075 0.603304 0.670382 0.351153 0.204836 -0.086048 
 857 158.466889 0.994867 1.768166 0.442311 0.620904 0.358178 0.176632 -0.087550 
 858  52.518316 0.978204 1.869279 0.431415 0.552857 0.403810 0.172770 -0.078351 
 859   9.736770 1.260988 1.845961 0.575216 0.549521 0.463411 0.160220 -0.063579 
 860  12.111901 1.120777 1.694189 0.546289 0.572153 0.398582 0.171521 -0.064702 
 861  12.360866 1.250043 1.445042 0.613629 0.642676 0.351637 0.211044 -0.067363 
 862  40.100591 1.131943 1.544810 0.430283 0.574849 0.404304 0.146175 -0.080984 
 863  24.803916 1.422753 1.563032 0.460719 0.619942 0.402968 0.204363 -0.086263 
 864  79.272115 1.111127 1.341276 0.607383 0.636130 0.468637 0.172883 -0.091171 
 865  38.385778 1.113609 1.787420 0.436895 0.702440 0.356685 0.209235 -0.077672 
 866  11.117588 1.127526 1.832158 0.574294 0.650004 0.394572 0.193891 -0.062466 
 867  10.093913 1.395423 1.749185 0.563383 0.687604 0.377595 0.200412 -0.072922 
 868  15.877123 1.341246 1.695510 0.459691 0.503494 0.468983 0.143962 -0.082490 
 869   3.323055 1.321887 1.544533 0.559334 0.494999 0.382770 0.191103 -0.089800 
 870  26.539879 1.219630 1.656404 0.516733 0.694137 0.423830 0.151962 -0.077549 
 871 458.902019 0.969188 1.800190 0.539742 0.702922 0.439773 0.156002 -0.083414 
 872   4.766108 1.450132 1.269277 0.440077 0.674117 0.450106 0.158888 -0.087293 
 873   4.581322 1.267066 1.421192 0.532641 0.572235 0.450352 0.152278 -0.073338 
 874  59.252764 1.012737 1.778409 0.486898 0.636363 0.409738 0.193575 -0.075824 
 875  36.195738 1.014054 1.797408 0.631685 0.510977 0.452417 0.178812 -0.091882 
 876   4.848222 1.187486 1.702909 0.570577 0.596728 0.452046 0.195920 -0.068282 
 877   6.079301 1.216960 1.255128 0.434840 0.519425 0.374476 0.181502 -0.076426 
 878 115.024356 0.988201 1.693792 0.606840 0.519884 0.419540 0.152867 -0.084592 
 879  28.344171 1.001364 1.805389 0.468164 0.527172 0.453779 0.154908 -0.069660 
 880   4.142641 1.228922 1.693263 0.475911 0.728992 0.399607 0.207887 -0.075220 
 881  54.813744 1.067560 1.686984 0.563737 0.662612 0.444162 0.191887 -0.087853 
 882  48.967491 0.969887 1.418887 0.494750 0.498317 0.488881 0.155490 -0.067138 
 883  68.361074 1.235503 1.469722 0.620376 0.638628 0.367867 0.151131 -0.085800 
 884 282.950159 0.978788 1.449296 0.434051 0.623953 0.333115 0.162293 -0.078662 
 885  10.512433 1.199709 1.390605 0.635187 0.653930 0.479681 0.187995 -0.074059 
 886   1.701723 1.281128 1.476115 0.478461 0.645749 0.431810 0.183416 -0.083052 
 887   2.371290 1.271804 1.738964 0.609775 0.531142 0.350452 0.198424 -0.086302 
 888  12.979180 1.157099 1.832830 0.548598 0.587804 0.369706 0.186568 -0.091611 
 889  63.991964 1.111250 1.826702 0.536007 0.675919 0.352712 0.178734 -0.075742 
 890 314.970654 1.010580 1.360194 0.607099 0.666229 0.416422 0.150136 -0.073482 
 891  67.957422 1.057441 1.691780 0.441444 0.685122 0.408671 0.209467 -0.092181 
 892   6.668543 1.277814 1.722978 0.592517 0.494706 0.441460 0.168689 -0.075269 
 893  44.402665 1.431783 1.259080 0.512653 0.549123 0.481829 0.208613 -0.062490 
 894  67.952232 1.016934 1.541908 0.527468 0.533259 0.433672 0.166503 -0.090059 
 895  60.716919 1.062947 1.542713 0.489677 0.580004 0.357217 0.169359 -0.067558 
 896   3.618087 1.297831 1.466811 0.463503 0.565537 0.345497 0.211071 -0.072454 
 897   5.750715 1.360162 1.475038 0.592793 0.674402 0.389630 0.156777 -0.062299 
 898  15.208365 1.126153 1.348388 0.434937 0.591428 0.430576 0.179807 -0.080602 
 899  14.816393 1.104822 1.804219 0.538682 0.603851 0.386697 0.201833 -0.088083 
 900   3.421591 1.232823 1.399526 0.435296 0.542892 0.424295 0.158565 -0.078546 
 901   2.485933 1.309380 1.385805 0.615350 0.612796 0.422854 0.191074 -0.070349 
 902   7.544387 1.435682 1.817812 0.489030 0.558587 0.339313 0.166970 -0.083804 
 903  16.565117 1.309667 1.808340 0.495626 0.728026 0.456339 0.203820 -0.075998 
 904  92.608726 1.042067 1.703248 0.493389 0.657765 0.486284 0.168546 -0.090207 
 905   4.110820 1.241887 1.635009 0.525550 0.553268 0.464796 0.168618 -0.085833 
 906   6.323218 1.174055 1.298167 0.439022 0.582696 0.489746 0.168334 -0.082700 
 907 137.568157 1.000716 1.707226 0.510068 0.675629 0.430909 0.194264 -0.085074 
 908   8.200357 1.172866 1.636536 0.472677 0.627589 0.384823 0.181030 -0.070116 
 909  15.855699 1.125112 1.833002 0.467523 0.704125 0.418442 0.190049 -0.066581 
 910 202.964622 1.161000 1.289129 0.625083 0.688047 0.351136 0.142971 -0.068269 
 911 172.571118 1.035694 1.495709 0.615135 0.537737 0.348944 0.163375 -0.091814 
 912   7.661005 1.339144 1.280076 0.581540 0.533509 0.437476 0.210469 -0.085205 
 913  92.177287 0.980717 1.578492 0.433096 0.572676 0.403624 0.159173 -0.069035 
 914  44.888376 0.980027 1.829887 0.509455 0.590391 0.490542 0.166493 -0.069242 
 915  41.519897 1.038050 1.479478 0.522499 0.556528 0.452833 0.167527 -0.076755 
 916   7.783931 1.404004 1.668426 0.524283 0.649843 0.445837 0.156903 -0.088019 
 917  12.083719 1.161222 1.365853 0.556326 0.590850 0.444747 0.188830 -0.085512 
 918   7.078634 1.057850 1.819139 0.427765 0.538476 0.465900 0.171396 -0.081130 
 919   7.728823 1.377572 1.730005 0.611028 0.728597 0.350661 0.166155 -0.070087 
 920   2.555253 1.409084 1.692924 0.586733 0.685043 0.390477 0.158637 -0.076379 
 921  46.891333 1.022179 1.533035 0.495570 0.611718 0.432829 0.209694 -0.090449 
 922  12.158886 1.144251 1.640407 0.575163 0.621130 0.416222 0.193340 -0.085017 
 923   7.734609 1.157701 1.342623 0.507610 0.545218 0.478380 0.161183 -0.068657 
 924 520.893217 1.000663 1.637012 0.530992 0.725639 0.382241 0.160878 -0.085962 
 925  13.844816 1.318035 1.568065 0.481411 0.690643 0.485845 0.184675 -0.072266 
 926   5.616366 1.265836 1.603790 0.483989 0.725811 0.359762 0.212116 -0.077903 
 927  43.915762 1.327698 1.701514 0.485396 0.520116 0.470910 0.190027 -0.073097 
 928   8.053295 1.356415 1.847406 0.551712 0.699131 0.422743 0.149182 -0.087743 
 929  34.635628 1.413492 1.484732 0.559636 0.643994 0.473181 0.206070 -0.076347 
 930  15.434231 1.385215 1.571857 0.598925 0.603489 0.341790 0.149252 -0.075672 
 931  41.764479 1.107495 1.312945 0.633077 0.494847 0.463129 0.161128 -0.066729 
 932  11.466525 1.311296 1.846922 0.538439 0.611874 0.477777 0.151669 -0.073359 
 933   4.752668 1.212130 1.403572 0.472888 0.590691 0.430054 0.203224 -0.063710 
 934   9.653888 1.220161 1.735342 0.540027 0.580501 0.376280 0.167967 -0.088100 
 935  34.303467 1.156361 1.547830 0.491264 0.652212 0.422836 0.163088 -0.083430 
 936   7.775430 1.169072 1.609493 0.609562 0.517584 0.415401 0.170989 -0.081205 
 937  21.685884 1.190409 1.595767 0.427884 0.722012 0.459165 0.159224 -0.073574 
 938  77.071757 1.178698 1.322458 0.520938 0.720160 0.474492 0.141922 -0.072051 
 939  26.242079 1.064954 1.483224 0.466340 0.630801 0.467480 0.178204 -0.069820 
 940  23.762661 1.181944 1.759991 0.630840 0.696080 0.392609 0.201848 -0.091852 
 941  23.158724 1.422447 1.414017 0.555170 0.584266 0.461904 0.186703 -0.072762 
 942  10.271556 1.272922 1.800849 0.583244 0.503115 0.328067 0.156355 -0.062267 
 943  13.513439 1.406321 1.380881 0.500528 0.513007 0.423710 0.181297 -0.083019 
 944  27.414876 1.184528 1.296481 0.628012 0.703859 0.474144 0.208009 -0.084604 
 945  52.982420 1.112235 1.740296 0.578563 0.544920 0.336196 0.166224 -0.081171 
 946  39.950279 1.393127 1.862544 0.635532 0.611038 0.469667 0.194625 -0.079270 
 947   8.435867 1.392043 1.845383 0.550214 0.677633 0.355060 0.209308 -0.088941 
 948  12.176280 1.335941 1.570622 0.547621 0.537766 0.424496 0.180217 -0.064587 
 949  23.965679 1.206568 1.549653 0.602898 0.679867 0.371757 0.182163 -0.062458 
 950   3.763961 1.126435 1.822534 0.564613 0.537310 0.475352 0.188403 -0.083593 
 951   6.501356 1.343776 1.503844 0.485007 0.646154 0.387299 0.204125 -0.074975 
 952   7.045286 1.228221 1.771813 0.492252 0.559758 0.385518 0.205678 -0.077167 
 953  28.614128 1.428373 1.529112 0.551713 0.595381 0.479989 0.173196 -0.068838 
 954  25.213137 1.067836 1.259984 0.479728 0.617189 0.480973 0.207171 -0.084371 
 955  40.817696 1.377226 1.614414 0.520119 0.638696 0.490343 0.194074 -0.070052 
 956  96.223848 1.144447 1.637548 0.574241 0.706978 0.403064 0.143769 -0.067762 
 957   2.994266 1.364970 1.831872 0.573566 0.675106 0.390381 0.163401 -0.068236 
 958   2.942275 1.122934 1.718617 0.519500 0.615427 0.453728 0.192105 -0.063448 
 959   7.054022 1.313253 1.647035 0.593456 0.623334 0.364285 0.159492 -0.067167 
 960  55.763589 1.076363 1.868177 0.520496 0.630547 0.428329 0.153201 -0.076712 
 961 477.692448 1.007624 1.369357 0.570433 0.706940 0.348497 0.169652 -0.082341 
 962  22.093918 1.217922 1.687383 0.612444 0.690966 0.402183 0.165626 -0.072776 
 963 192.635511 1.080159 1.280884 0.513647 0.717418 0.440440 0.157331 -0.077120 
 964   4.088343 1.412728 1.544337 0.569146 0.521974 0.403891 0.151499 -0.084121 
 965  18.360817 1.010070 1.437491 0.471034 0.528317 0.408698 0.206211 -0.063782 
 966  17.640156 1.272111 1.440693 0.581785 0.522448 0.329317 0.186427 -0.091820 
 967  16.648963 1.196097 1.854847 0.496936 0.658453 0.331324 0.195897 -0.081561 
 968  15.054791 1.315215 1.865190 0.456220 0.642190 0.403108 0.200834 -0.085593 
 969  34.015547 1.419455 1.857306 0.532162 0.491994 0.373028 0.193429 -0.067405 
 970  11.545015 1.344686 1.650252 0.478975 0.586249 0.483182 0.141854 -0.078580 
 971  44.551192 1.435727 1.645324 0.536886 0.593813 0.426873 0.203658 -0.065932 
 972   7.550787 1.275077 1.649496 0.591212 0.572909 0.430678 0.208203 -0.092033 
 973  21.583602 1.014703 1.733068 0.586622 0.494326 0.450522 0.161232 -0.063107 
 974 234.602798 0.984421 1.253826 0.474329 0.685053 0.434190 0.176768 -0.068339 
 975  18.971679 1.261986 1.560187 0.587265 0.626974 0.349619 0.163024 -0.061952 
 976  22.893088 1.329202 1.359770 0.456246 0.579949 0.461768 0.208212 -0.084164 
 977   3.906620 1.188244 1.798094 0.576783 0.621556 0.434998 0.176134 -0.079488 
 978   5.670918 1.167755 1.725387 0.557502 0.596003 0.453889 0.202993 -0.069573 
 979   4.602914 1.175322 1.475038 0.525265 0.495911 0.468574 0.159143 -0.080374 
 980 136.596198 0.968572 1.591439 0.555649 0.669283 0.446546 0.196335 -0.065549 
 981   3.127471 1.235189 1.693493 0.606489 0.488928 0.424623 0.182768 -0.078806 
 982  19.423156 1.091132 1.291202 0.453560 0.649711 0.463688 0.196056 -0.065104 
 983   3.096764 1.262590 1.645041 0.502996 0.496215 0.327221 0.201800 -0.063841 
 984   4.979049 1.386307 1.309197 0.568650 0.698024 0.433287 0.163074 -0.080478 
 985  80.010662 1.150931 1.295668 0.581119 0.713748 0.456497 0.184216 -0.090462 
 986  40.753878 1.154735 1.362439 0.529095 0.643158 0.368530 0.186570 -0.071066 
 987 206.304909 1.010064 1.500296 0.513276 0.656640 0.333843 0.197796 -0.084163 
 988 335.923924 0.987715 1.649871 0.594733 0.707659 0.448607 0.176126 -0.085330 
 989  36.522150 1.157026 1.741557 0.505275 0.674408 0.469098 0.150415 -0.083114 
 990   8.544348 1.286313 1.701290 0.558747 0.497793 0.476047 0.150898 -0.082658 
 991 105.261867 1.046628 1.726291 0.634103 0.547945 0.355145 0.170781 -0.090704 
 992  24.345129 1.070327 1.376481 0.567631 0.548624 0.466247 0.175785 -0.066440 
 993  12.938095 1.254537 1.853593 0.620653 0.726554 0.451775 0.163618 -0.084733 
 994  19.181439 1.272342 1.519743 0.519311 0.556986 0.353689 0.147631 -0.071763 
 995  80.337820 1.002720 1.383102 0.426898 0.544248 0.488019 0.141934 -0.076493 
 996  94.270225 1.042447 1.508135 0.514838 0.576171 0.429087 0.149104 -0.080615 
 997   2.974057 1.196790 1.615429 0.588203 0.502967 0.418707 0.191312 -0.063057 
 998 172.859046 1.123262 1.256196 0.593255 0.718522 0.400594 0.159155 -0.068871 
 999   5.431985 1.263498 1.455875 0.544000 0.653400 0.417122 0.182643 -0.089827 
