# Param 32 = 0.13385 
  1    0.0194802    
  2    0.0194802    
  3    0.0322903    
  4    0.0440082    
  5    0.0440082    
  6    0.0707523    
  7    0.0707523    
  8    0.0748851    
  9    0.0748851    
 10    0.1110610    
 11    0.1110610    
 12    0.1166117    
 13    0.1166117    
 14    0.1269367    
 15    0.1274403    
 16    0.1274403    
 17    0.1480511    
 18    0.1480511    
 19    0.1514429    
 20    0.1514429    
 21    0.1674273    
 22    0.1674273    
 23    0.1855706    
 24    0.1874865    
 25    0.1874865    
 26    0.1955840    
 27    0.1955840    
 28    0.1957189    
 29    0.1957189    
 30    0.2216612    
 31    0.2216612    
 32    0.2296942    
 33    0.2296942    
 34    0.2423298    
 35    0.2423298    
 36    0.2507902    
 37    0.2507902    
 38    0.2545837    
 39    0.2545837    
 40    0.2598971    
 41    0.2790654    
 42    0.2810293    
 43    0.2810293    
 44    0.3039725    
 45    0.3039725    
 46    0.3098731    
 47    0.3098731    
 48    0.3157217    
 49    0.3157217    
 50    0.3209012    
 51    0.3209012    
 52    0.3228243    
 53    0.3228243    
 54    0.3409889    
 55    0.3409889    
 56    0.3433438    
 57    0.3433438    
 58    0.3572757    
 59    0.3572757    
 60    0.3633464    
 61    0.3633464    
 62    0.3710399    
 63    0.3710399    
 64    0.3933706    
 65    0.3933706    
 66    0.4026055    
 67    0.4026055    
 68    0.4128474    
 69    0.4128474    
 70    0.4157919    
 71    0.4157919    
###                          ###

# Param 32 = 0.26769 
  1    0.0368891    
  2    0.0368891    
  3    0.0600308    
  4    0.0791182    
  5    0.0791182    
  6    0.1219067    
  7    0.1219067    
  8    0.1274389    
  9    0.1274389    
 10    0.1277648    
 11    0.1277648    
 12    0.1479902    
 13    0.1479902    
 14    0.1802743    
 15    0.1802743    
 16    0.1851075    
 17    0.1879877    
 18    0.1879877    
 19    0.1955654    
 20    0.1955654    
 21    0.2032914    
 22    0.2294267    
 23    0.2294267    
 24    0.2350182    
 25    0.2350182    
 26    0.2545149    
 27    0.2545149    
 28    0.2550110    
 29    0.2550110    
 30    0.2790654    
 31    0.2816685    
 32    0.2816685    
 33    0.2913017    
 34    0.2913017    
 35    0.3097135    
 36    0.3097135    
 37    0.3150319    
 38    0.3150319    
 39    0.3192116    
 40    0.3192116    
 41    0.3217100    
 42    0.3217100    
 43    0.3480819    
 44    0.3480819    
 45    0.3570297    
 46    0.3570297    
 47    0.3630497    
 48    0.3630497    
 49    0.3685185    
 50    0.3705931    
 51    0.3705931    
 52    0.3908503    
 53    0.3908503    
 54    0.4012265    
 55    0.4012265    
 56    0.4106816    
 57    0.4106816    
 58    0.4153042    
 59    0.4153042    
 60    0.4188502    
 61    0.4188502    
 62    0.4369346    
 63    0.4369346    
 64    0.4570401    
 65    0.4570401    
 66    0.4574390    
 67    0.4597533    
 68    0.4597533    
 69    0.4675609    
 70    0.4675609    
 71    0.4710231    
###                          ###

# Param 32 = 0.40154 
  1    0.0514190    
  2    0.0514190    
  3    0.0817988    
  4    0.1044489    
  5    0.1044489    
  6    0.1274366    
  7    0.1274366    
  8    0.1478830    
  9    0.1478830    
 10    0.1539875    
 11    0.1539875    
 12    0.1612344    
 13    0.1612344    
 14    0.1842912    
 15    0.1955323    
 16    0.1955323    
 17    0.2194117    
 18    0.2194117    
 19    0.2251712    
 20    0.2251712    
 21    0.2289186    
 22    0.2289186    
 23    0.2430456    
 24    0.2543892    
 25    0.2543892    
 26    0.2778307    
 27    0.2778307    
 28    0.2790654    
 29    0.2933795    
 30    0.2933795    
 31    0.3094126    
 32    0.3094126    
 33    0.3135402    
 34    0.3135402    
 35    0.3157688    
 36    0.3157688    
 37    0.3190857    
 38    0.3190857    
 39    0.3364671    
 40    0.3364671    
 41    0.3580709    
 42    0.3580709    
 43    0.3624736    
 44    0.3624736    
 45    0.3696744    
 46    0.3696744    
 47    0.3831021    
 48    0.3831021    
 49    0.3944237    
 50    0.3944237    
 51    0.3975489    
 52    0.3975489    
 53    0.3988636    
 54    0.4039080    
 55    0.4049251    
 56    0.4049251    
 57    0.4143311    
 58    0.4143311    
 59    0.4204272    
 60    0.4204272    
 61    0.4215228    
 62    0.4215228    
 63    0.4318668    
 64    0.4318668    
 65    0.4398001    
 66    0.4398001    
 67    0.4574390    
 68    0.4603854    
 69    0.4625518    
 70    0.4625518    
 71    0.4647114    
###                          ###

# Param 32 = 0.53538 
  1    0.0631258    
  2    0.0631258    
  3    0.0983823    
  4    0.1223615    
  5    0.1223615    
  6    0.1274332    
  7    0.1274332    
  8    0.1477199    
  9    0.1477199    
 10    0.1724175    
 11    0.1724175    
 12    0.1826418    
 13    0.1826418    
 14    0.1830474    
 15    0.1954812    
 16    0.1954812    
 17    0.2280370    
 18    0.2280370    
 19    0.2408014    
 20    0.2408014    
 21    0.2425050    
 22    0.2425050    
 23    0.2541835    
 24    0.2541835    
 25    0.2617934    
 26    0.2790654    
 27    0.3014082    
 28    0.3014082    
 29    0.3027460    
 30    0.3027460    
 31    0.3029310    
 32    0.3054777    
 33    0.3054777    
 34    0.3088936    
 35    0.3088936    
 36    0.3091933    
 37    0.3091933    
 38    0.3102392    
 39    0.3102392    
 40    0.3339572    
 41    0.3339572    
 42    0.3525178    
 43    0.3525178    
 44    0.3587873    
 45    0.3587873    
 46    0.3601351    
 47    0.3601351    
 48    0.3614291    
 49    0.3614291    
 50    0.3676850    
 51    0.3676850    
 52    0.3756338    
 53    0.3756338    
 54    0.3783808    
 55    0.3823924    
 56    0.3823924    
 57    0.3851372    
 58    0.3851372    
 59    0.3881602    
 60    0.3881602    
 61    0.4027176    
 62    0.4027176    
 63    0.4117732    
 64    0.4117732    
 65    0.4118794    
 66    0.4125040    
 67    0.4125040    
 68    0.4174869    
 69    0.4174869    
 70    0.4188670    
 71    0.4353599    
###                          ###

# Param 32 = 0.66923 
  1    0.0724549    
  2    0.0724549    
  3    0.1110537    
  4    0.1274286    
  5    0.1274286    
  6    0.1352180    
  7    0.1352180    
  8    0.1474836    
  9    0.1474836    
 10    0.1799416    
 11    0.1799416    
 12    0.1812561    
 13    0.1954051    
 14    0.1954051    
 15    0.1968821    
 16    0.1968821    
 17    0.2264665    
 18    0.2264665    
 19    0.2404843    
 20    0.2404843    
 21    0.2423448    
 22    0.2538501    
 23    0.2538501    
 24    0.2569337    
 25    0.2569337    
 26    0.2666776    
 27    0.2677204    
 28    0.2677204    
 29    0.2790654    
 30    0.2850571    
 31    0.2850571    
 32    0.2944084    
 33    0.2944084    
 34    0.2968797    
 35    0.2968797    
 36    0.3014566    
 37    0.3014566    
 38    0.3079828    
 39    0.3079828    
 40    0.3153277    
 41    0.3153277    
 42    0.3286489    
 43    0.3286489    
 44    0.3351372    
 45    0.3351372    
 46    0.3444953    
 47    0.3444953    
 48    0.3489862    
 49    0.3489862    
 50    0.3503674    
 51    0.3503674    
 52    0.3516315    
 53    0.3522535    
 54    0.3522535    
 55    0.3545286    
 56    0.3595015    
 57    0.3595015    
 58    0.3670366    
 59    0.3670366    
 60    0.3682935    
 61    0.3682935    
 62    0.3696058    
 63    0.3707217    
 64    0.3707217    
 65    0.3711354    
 66    0.3711354    
 67    0.3723771    
 68    0.3736660    
 69    0.3736660    
 70    0.3803543    
 71    0.3803543    
###                          ###

# Param 32 = 0.80307 
  1    0.0799082    
  2    0.0799082    
  3    0.1208807    
  4    0.1274224    
  5    0.1274224    
  6    0.1446718    
  7    0.1446718    
  8    0.1471438    
  9    0.1471438    
 10    0.1774785    
 11    0.1774785    
 12    0.1787377    
 13    0.1952914    
 14    0.1952914    
 15    0.2019540    
 16    0.2067284    
 17    0.2067284    
 18    0.2233663    
 19    0.2233663    
 20    0.2311586    
 21    0.2311586    
 22    0.2407503    
 23    0.2407503    
 24    0.2532850    
 25    0.2532850    
 26    0.2594637    
 27    0.2594637    
 28    0.2624678    
 29    0.2663801    
 30    0.2663801    
 31    0.2773179    
 32    0.2773179    
 33    0.2790654    
 34    0.2796383    
 35    0.2796383    
 36    0.2815350    
 37    0.2815350    
 38    0.2929780    
 39    0.3004930    
 40    0.3004930    
 41    0.3005547    
 42    0.3005547    
 43    0.3057562    
 44    0.3057562    
 45    0.3062873    
 46    0.3062873    
 47    0.3110412    
 48    0.3110412    
 49    0.3201279    
 50    0.3201279    
 51    0.3239694    
 52    0.3239694    
 53    0.3295359    
 54    0.3295359    
 55    0.3303796    
 56    0.3303796    
 57    0.3359198    
 58    0.3380834    
 59    0.3380834    
 60    0.3414398    
 61    0.3444748    
 62    0.3463035    
 63    0.3463035    
 64    0.3560404    
 65    0.3560404    
 66    0.3600344    
 67    0.3600344    
 68    0.3605553    
 69    0.3605553    
 70    0.3719576    
 71    0.3719576    
###                          ###

# Param 32 = 0.93692 
  1    0.0859148    
  2    0.0859148    
  3    0.1274143    
  4    0.1274143    
  5    0.1286332    
  6    0.1466442    
  7    0.1466442    
  8    0.1517938    
  9    0.1517938    
 10    0.1684123    
 11    0.1684123    
 12    0.1731034    
 13    0.1752512    
 14    0.1951152    
 15    0.1951152    
 16    0.2137563    
 17    0.2137563    
 18    0.2164240    
 19    0.2164240    
 20    0.2201140    
 21    0.2201140    
 22    0.2213630    
 23    0.2213630    
 24    0.2495767    
 25    0.2495767    
 26    0.2520253    
 27    0.2520253    
 28    0.2522411    
 29    0.2522411    
 30    0.2526959    
 31    0.2526959    
 32    0.2531601    
 33    0.2540845    
 34    0.2639377    
 35    0.2639377    
 36    0.2650791    
 37    0.2650791    
 38    0.2700765    
 39    0.2700765    
 40    0.2727788    
 41    0.2727788    
 42    0.2790654    
 43    0.2855699    
 44    0.2855699    
 45    0.2860180    
 46    0.2860180    
 47    0.3031328    
 48    0.3031328    
 49    0.3050525    
 50    0.3064587    
 51    0.3064587    
 52    0.3172228    
 53    0.3172228    
 54    0.3192457    
 55    0.3192457    
 56    0.3273311    
 57    0.3273311    
 58    0.3282694    
 59    0.3282694    
 60    0.3283935    
 61    0.3295161    
 62    0.3295161    
 63    0.3336519    
 64    0.3439486    
 65    0.3462069    
 66    0.3475176    
 67    0.3475176    
 68    0.3489707    
 69    0.3489707    
 70    0.3512683    
 71    0.3512683    
###                          ###

# Param 32 = 1.07076 
  1    0.0908083    
  2    0.0908083    
  3    0.1274036    
  4    0.1274036    
  5    0.1348454    
  6    0.1458717    
  7    0.1458717    
  8    0.1514655    
  9    0.1572735    
 10    0.1572735    
 11    0.1577475    
 12    0.1577475    
 13    0.1705489    
 14    0.1948217    
 15    0.1948217    
 16    0.2027728    
 17    0.2027728    
 18    0.2068762    
 19    0.2068762    
 20    0.2102261    
 21    0.2102261    
 22    0.2188937    
 23    0.2188937    
 24    0.2224192    
 25    0.2224192    
 26    0.2257400    
 27    0.2312895    
 28    0.2312895    
 29    0.2437428    
 30    0.2437428    
 31    0.2446593    
 32    0.2466810    
 33    0.2466810    
 34    0.2471143    
 35    0.2471143    
 36    0.2501630    
 37    0.2501630    
 38    0.2607497    
 39    0.2607497    
 40    0.2704170    
 41    0.2704170    
 42    0.2718462    
 43    0.2718462    
 44    0.2772116    
 45    0.2772116    
 46    0.2778996    
 47    0.2790654    
 48    0.2899264    
 49    0.2899264    
 50    0.2985958    
 51    0.2985958    
 52    0.3029310    
 53    0.3104892    
 54    0.3104892    
 55    0.3145469    
 56    0.3145469    
 57    0.3175205    
 58    0.3201841    
 59    0.3201841    
 60    0.3213671    
 61    0.3213671    
 62    0.3250865    
 63    0.3258560    
 64    0.3286276    
 65    0.3286276    
 66    0.3326639    
 67    0.3326639    
 68    0.3331468    
 69    0.3331468    
 70    0.3360802    
 71    0.3360802    
###                          ###

# Param 32 = 1.20461 
  1    0.0948393    
  2    0.0948393    
  3    0.1273893    
  4    0.1273893    
  5    0.1346360    
  6    0.1398873    
  7    0.1445738    
  8    0.1445738    
  9    0.1479804    
 10    0.1479804    
 11    0.1615630    
 12    0.1615630    
 13    0.1645472    
 14    0.1860635    
 15    0.1860635    
 16    0.1942736    
 17    0.1942736    
 18    0.1959596    
 19    0.1959596    
 20    0.1972238    
 21    0.1972238    
 22    0.2018918    
 23    0.2018918    
 24    0.2066410    
 25    0.2161013    
 26    0.2161013    
 27    0.2227107    
 28    0.2227107    
 29    0.2297197    
 30    0.2297197    
 31    0.2353035    
 32    0.2398951    
 33    0.2398951    
 34    0.2456449    
 35    0.2456449    
 36    0.2465426    
 37    0.2465426    
 38    0.2530965    
 39    0.2530965    
 40    0.2565623    
 41    0.2610005    
 42    0.2610005    
 43    0.2628767    
 44    0.2628767    
 45    0.2692720    
 46    0.2769380    
 47    0.2769380    
 48    0.2790654    
 49    0.2803200    
 50    0.2803200    
 51    0.2943039    
 52    0.2943039    
 53    0.3032680    
 54    0.3032680    
 55    0.3034429    
 56    0.3034429    
 57    0.3095146    
 58    0.3095146    
 59    0.3098457    
 60    0.3127734    
 61    0.3127734    
 62    0.3131179    
 63    0.3139023    
 64    0.3139023    
 65    0.3152442    
 66    0.3168551    
 67    0.3168551    
 68    0.3169916    
 69    0.3169916    
 70    0.3221466    
 71    0.3221466    
###                          ###

# Param 32 = 1.33846 
  1    0.0981942    
  2    0.0981942    
  3    0.1211724    
  4    0.1273697    
  5    0.1273697    
  6    0.1396573    
  7    0.1396573    
  8    0.1421355    
  9    0.1421355    
 10    0.1440184    
 11    0.1575167    
 12    0.1649656    
 13    0.1649656    
 14    0.1710921    
 15    0.1710921    
 16    0.1777192    
 17    0.1777192    
 18    0.1875826    
 19    0.1875826    
 20    0.1930310    
 21    0.1930927    
 22    0.1930927    
 23    0.1948689    
 24    0.1948689    
 25    0.2060859    
 26    0.2060859    
 27    0.2185745    
 28    0.2185745    
 29    0.2255716    
 30    0.2255716    
 31    0.2262356    
 32    0.2363471    
 33    0.2363471    
 34    0.2409791    
 35    0.2423448    
 36    0.2423871    
 37    0.2423871    
 38    0.2443035    
 39    0.2443035    
 40    0.2465826    
 41    0.2465826    
 42    0.2520899    
 43    0.2520899    
 44    0.2597664    
 45    0.2597664    
 46    0.2660969    
 47    0.2660969    
 48    0.2790654    
 49    0.2813280    
 50    0.2813280    
 51    0.2825067    
 52    0.2825067    
 53    0.2911834    
 54    0.2911834    
 55    0.2949847    
 56    0.2949847    
 57    0.2969511    
 58    0.2969511    
 59    0.3006119    
 60    0.3006119    
 61    0.3018867    
 62    0.3020850    
 63    0.3020850    
 64    0.3036999    
 65    0.3042371    
 66    0.3043587    
 67    0.3043587    
 68    0.3072574    
 69    0.3072574    
 70    0.3153181    
 71    0.3153181    
###                          ###

# Param 32 = 1.47230 
  1    0.1010124    
  2    0.1010124    
  3    0.1101567    
  4    0.1273416    
  5    0.1273416    
  6    0.1326829    
  7    0.1326829    
  8    0.1372517    
  9    0.1372517    
 10    0.1474233    
 11    0.1499690    
 12    0.1589140    
 13    0.1589140    
 14    0.1643259    
 15    0.1643259    
 16    0.1676900    
 17    0.1676900    
 18    0.1810128    
 19    0.1810128    
 20    0.1829915    
 21    0.1888327    
 22    0.1888327    
 23    0.1905940    
 24    0.1905940    
 25    0.2006432    
 26    0.2006432    
 27    0.2090651    
 28    0.2090651    
 29    0.2174547    
 30    0.2203135    
 31    0.2277185    
 32    0.2277185    
 33    0.2300300    
 34    0.2337075    
 35    0.2337075    
 36    0.2389792    
 37    0.2389792    
 38    0.2407823    
 39    0.2407823    
 40    0.2414311    
 41    0.2414311    
 42    0.2441412    
 43    0.2441412    
 44    0.2569750    
 45    0.2569750    
 46    0.2584187    
 47    0.2584187    
 48    0.2630560    
 49    0.2630560    
 50    0.2790654    
 51    0.2815172    
 52    0.2815172    
 53    0.2840395    
 54    0.2840395    
 55    0.2880113    
 56    0.2883530    
 57    0.2883530    
 58    0.2889993    
 59    0.2889993    
 60    0.2891448    
 61    0.2891448    
 62    0.2911524    
 63    0.2911524    
 64    0.2932499    
 65    0.2932499    
 66    0.2947019    
 67    0.2947019    
 68    0.2948273    
 69    0.3000200    
 70    0.3038552    
 71    0.3038552    
###                          ###

# Param 32 = 1.60615 
  1    0.1009770    
  2    0.1033991    
  3    0.1033991    
  4    0.1268250    
  5    0.1268250    
  6    0.1272989    
  7    0.1272989    
  8    0.1290876    
  9    0.1290876    
 10    0.1423334    
 11    0.1492769    
 12    0.1492769    
 13    0.1502353    
 14    0.1570803    
 15    0.1570803    
 16    0.1698835    
 17    0.1698835    
 18    0.1754409    
 19    0.1757411    
 20    0.1757411    
 21    0.1834991    
 22    0.1834991    
 23    0.1871450    
 24    0.1871450    
 25    0.1984571    
 26    0.1984571    
 27    0.2005565    
 28    0.2005565    
 29    0.2019540    
 30    0.2089856    
 31    0.2224107    
 32    0.2293192    
 33    0.2293192    
 34    0.2307977    
 35    0.2307977    
 36    0.2353985    
 37    0.2353985    
 38    0.2360191    
 39    0.2360191    
 40    0.2364382    
 41    0.2364382    
 42    0.2365477    
 43    0.2365477    
 44    0.2479996    
 45    0.2479996    
 46    0.2496922    
 47    0.2496922    
 48    0.2577280    
 49    0.2577280    
 50    0.2712127    
 51    0.2712127    
 52    0.2754768    
 53    0.2755692    
 54    0.2755692    
 55    0.2766704    
 56    0.2766704    
 57    0.2790654    
 58    0.2810842    
 59    0.2810842    
 60    0.2851065    
 61    0.2851065    
 62    0.2853840    
 63    0.2853840    
 64    0.2854624    
 65    0.2857043    
 66    0.2857043    
 67    0.2857305    
 68    0.2857305    
 69    0.2878785    
 70    0.2878785    
 71    0.2967724    
###                          ###

# Param 32 = 1.73999 
  1    0.0932095    
  2    0.1054343    
  3    0.1054343    
  4    0.1193476    
  5    0.1193476    
  6    0.1218556    
  7    0.1218556    
  8    0.1272276    
  9    0.1272276    
 10    0.1348620    
 11    0.1417330    
 12    0.1417330    
 13    0.1525513    
 14    0.1536535    
 15    0.1536535    
 16    0.1698090    
 17    0.1714065    
 18    0.1714065    
 19    0.1716518    
 20    0.1716518    
 21    0.1786412    
 22    0.1786412    
 23    0.1840104    
 24    0.1840104    
 25    0.1864191    
 26    0.1927708    
 27    0.1927708    
 28    0.1975913    
 29    0.1975913    
 30    0.2009222    
 31    0.2169907    
 32    0.2268838    
 33    0.2268838    
 34    0.2275567    
 35    0.2275567    
 36    0.2285952    
 37    0.2285952    
 38    0.2302715    
 39    0.2302715    
 40    0.2304951    
 41    0.2304951    
 42    0.2349058    
 43    0.2349058    
 44    0.2354996    
 45    0.2354996    
 46    0.2445382    
 47    0.2445382    
 48    0.2573209    
 49    0.2573209    
 50    0.2626673    
 51    0.2626673    
 52    0.2630542    
 53    0.2630542    
 54    0.2646284    
 55    0.2646284    
 56    0.2648821    
 57    0.2711679    
 58    0.2711679    
 59    0.2752925    
 60    0.2758730    
 61    0.2758730    
 62    0.2774466    
 63    0.2774466    
 64    0.2790654    
 65    0.2796286    
 66    0.2807394    
 67    0.2807394    
 68    0.2858460    
 69    0.2858460    
 70    0.2871236    
 71    0.2871236    
###                          ###

# Param 32 = 1.87384 
  1    0.0865517    
  2    0.1071798    
  3    0.1071798    
  4    0.1098119    
  5    0.1098119    
  6    0.1175813    
  7    0.1175813    
  8    0.1270885    
  9    0.1270885    
 10    0.1277063    
 11    0.1358963    
 12    0.1358963    
 13    0.1517802    
 14    0.1517802    
 15    0.1544416    
 16    0.1656982    
 17    0.1677407    
 18    0.1677407    
 19    0.1730732    
 20    0.1730732    
 21    0.1731034    
 22    0.1740877    
 23    0.1740877    
 24    0.1815904    
 25    0.1815904    
 26    0.1856195    
 27    0.1856195    
 28    0.1933823    
 29    0.1971735    
 30    0.1971735    
 31    0.2129404    
 32    0.2167351    
 33    0.2167351    
 34    0.2207086    
 35    0.2207086    
 36    0.2218737    
 37    0.2218737    
 38    0.2250241    
 39    0.2250241    
 40    0.2253791    
 41    0.2253791    
 42    0.2313387    
 43    0.2313387    
 44    0.2338325    
 45    0.2338325    
 46    0.2413455    
 47    0.2413455    
 48    0.2504851    
 49    0.2504851    
 50    0.2560966    
 51    0.2561287    
 52    0.2561287    
 53    0.2561487    
 54    0.2561487    
 55    0.2570563    
 56    0.2570563    
 57    0.2596551    
 58    0.2633962    
 59    0.2633962    
 60    0.2646816    
 61    0.2698318    
 62    0.2698318    
 63    0.2705447    
 64    0.2705447    
 65    0.2763044    
 66    0.2763044    
 67    0.2790654    
 68    0.2804683    
 69    0.2804683    
 70    0.2863621    
 71    0.2863621    
###                          ###

# Param 32 = 2.00768 
  1    0.0807816    
  2    0.1010866    
  3    0.1010866    
  4    0.1086837    
  5    0.1086837    
  6    0.1138455    
  7    0.1138455    
  8    0.1209636    
  9    0.1267373    
 10    0.1267373    
 11    0.1315626    
 12    0.1315626    
 13    0.1504648    
 14    0.1504648    
 15    0.1559558    
 16    0.1615632    
 17    0.1627646    
 18    0.1645277    
 19    0.1645277    
 20    0.1697220    
 21    0.1697220    
 22    0.1742065    
 23    0.1742065    
 24    0.1790994    
 25    0.1790994    
 26    0.1798217    
 27    0.1798217    
 28    0.1864525    
 29    0.1969354    
 30    0.1969354    
 31    0.2051061    
 32    0.2051061    
 33    0.2096918    
 34    0.2132111    
 35    0.2132111    
 36    0.2161583    
 37    0.2161583    
 38    0.2162691    
 39    0.2162691    
 40    0.2207980    
 41    0.2207980    
 42    0.2319236    
 43    0.2319236    
 44    0.2331530    
 45    0.2331530    
 46    0.2394177    
 47    0.2394177    
 48    0.2406649    
 49    0.2406649    
 50    0.2423448    
 51    0.2487556    
 52    0.2495985    
 53    0.2495985    
 54    0.2497268    
 55    0.2497268    
 56    0.2542887    
 57    0.2568720    
 58    0.2568720    
 59    0.2574082    
 60    0.2574082    
 61    0.2627430    
 62    0.2627430    
 63    0.2665382    
 64    0.2665382    
 65    0.2699409    
 66    0.2699409    
 67    0.2725076    
 68    0.2725076    
 69    0.2790654    
 70    0.2840333    
 71    0.2856375    
###                          ###

# Param 32 = 2.14153 
  1    0.0757327    
  2    0.0932610    
  3    0.0932610    
  4    0.1099838    
  5    0.1099838    
  6    0.1105210    
  7    0.1105210    
  8    0.1146841    
  9    0.1256327    
 10    0.1256327    
 11    0.1289968    
 12    0.1289968    
 13    0.1492856    
 14    0.1492856    
 15    0.1514655    
 16    0.1571250    
 17    0.1607155    
 18    0.1615666    
 19    0.1615666    
 20    0.1654845    
 21    0.1654845    
 22    0.1732470    
 23    0.1732470    
 24    0.1750980    
 25    0.1750980    
 26    0.1785627    
 27    0.1785627    
 28    0.1801655    
 29    0.1939397    
 30    0.1939397    
 31    0.1967835    
 32    0.1967835    
 33    0.2064962    
 34    0.2064962    
 35    0.2068477    
 36    0.2085776    
 37    0.2085776    
 38    0.2105209    
 39    0.2105209    
 40    0.2166324    
 41    0.2166324    
 42    0.2271982    
 43    0.2323105    
 44    0.2323105    
 45    0.2323839    
 46    0.2323839    
 47    0.2327413    
 48    0.2327413    
 49    0.2381330    
 50    0.2381330    
 51    0.2424846    
 52    0.2431627    
 53    0.2431627    
 54    0.2443343    
 55    0.2443343    
 56    0.2446651    
 57    0.2527852    
 58    0.2527852    
 59    0.2560960    
 60    0.2560960    
 61    0.2567369    
 62    0.2567369    
 63    0.2602910    
 64    0.2602910    
 65    0.2625710    
 66    0.2625710    
 67    0.2693530    
 68    0.2693530    
 69    0.2707304    
 70    0.2752985    
 71    0.2752985    
###                          ###

# Param 32 = 2.27538 
  1    0.0712779    
  2    0.0862751    
  3    0.0862751    
  4    0.1075043    
  5    0.1075043    
  6    0.1088795    
  7    0.1111102    
  8    0.1111102    
  9    0.1236055    
 10    0.1236055    
 11    0.1281510    
 12    0.1281510    
 13    0.1425558    
 14    0.1479941    
 15    0.1479941    
 16    0.1579561    
 17    0.1586304    
 18    0.1586304    
 19    0.1593185    
 20    0.1613690    
 21    0.1613690    
 22    0.1681314    
 23    0.1681314    
 24    0.1745144    
 25    0.1757848    
 26    0.1757848    
 27    0.1776854    
 28    0.1776854    
 29    0.1839265    
 30    0.1839265    
 31    0.1966790    
 32    0.1966790    
 33    0.2007333    
 34    0.2007333    
 35    0.2020242    
 36    0.2020242    
 37    0.2041035    
 38    0.2048395    
 39    0.2048395    
 40    0.2129560    
 41    0.2129560    
 42    0.2138336    
 43    0.2250780    
 44    0.2250780    
 45    0.2325094    
 46    0.2325094    
 47    0.2325502    
 48    0.2325502    
 49    0.2360544    
 50    0.2360544    
 51    0.2361586    
 52    0.2369701    
 53    0.2371000    
 54    0.2371000    
 55    0.2397710    
 56    0.2397710    
 57    0.2491597    
 58    0.2491597    
 59    0.2498543    
 60    0.2498543    
 61    0.2515366    
 62    0.2515366    
 63    0.2566341    
 64    0.2566341    
 65    0.2573929    
 66    0.2573929    
 67    0.2589449    
 68    0.2660697    
 69    0.2660697    
 70    0.2667857    
 71    0.2667857    
###                          ###

# Param 32 = 2.40922 
  1    0.0673180    
  2    0.0800350    
  3    0.0800350    
  4    0.1035355    
  5    0.1047096    
  6    0.1047096    
  7    0.1120868    
  8    0.1120868    
  9    0.1216181    
 10    0.1216181    
 11    0.1278930    
 12    0.1278930    
 13    0.1346360    
 14    0.1463819    
 15    0.1463819    
 16    0.1554190    
 17    0.1554190    
 18    0.1574095    
 19    0.1574095    
 20    0.1583964    
 21    0.1584025    
 22    0.1638540    
 23    0.1638540    
 24    0.1695033    
 25    0.1754700    
 26    0.1754700    
 27    0.1762987    
 28    0.1762987    
 29    0.1770887    
 30    0.1770887    
 31    0.1959042    
 32    0.1959042    
 33    0.1962887    
 34    0.1962887    
 35    0.1966029    
 36    0.1966029    
 37    0.1993003    
 38    0.1993003    
 39    0.2012067    
 40    0.2019540    
 41    0.2097928    
 42    0.2097928    
 43    0.2184501    
 44    0.2184501    
 45    0.2283280    
 46    0.2283280    
 47    0.2289714    
 48    0.2319711    
 49    0.2323968    
 50    0.2323968    
 51    0.2326848    
 52    0.2326848    
 53    0.2355245    
 54    0.2355245    
 55    0.2358985    
 56    0.2358985    
 57    0.2439485    
 58    0.2439485    
 59    0.2440208    
 60    0.2440208    
 61    0.2462496    
 62    0.2462496    
 63    0.2486464    
 64    0.2501464    
 65    0.2501464    
 66    0.2565535    
 67    0.2565535    
 68    0.2595503    
 69    0.2595503    
 70    0.2647238    
 71    0.2647238    
###                          ###

# Param 32 = 2.54307 
  1    0.0637749    
  2    0.0744463    
  3    0.0744463    
  4    0.0986237    
  5    0.1020645    
  6    0.1020645    
  7    0.1129330    
  8    0.1129330    
  9    0.1199790    
 10    0.1199790    
 11    0.1275499    
 12    0.1277816    
 13    0.1277816    
 14    0.1442774    
 15    0.1442774    
 16    0.1515865    
 17    0.1515865    
 18    0.1536573    
 19    0.1536573    
 20    0.1578174    
 21    0.1582375    
 22    0.1605084    
 23    0.1605084    
 24    0.1652969    
 25    0.1688714    
 26    0.1688714    
 27    0.1766677    
 28    0.1766677    
 29    0.1766961    
 30    0.1766961    
 31    0.1911950    
 32    0.1911950    
 33    0.1913248    
 34    0.1918929    
 35    0.1918929    
 36    0.1939303    
 37    0.1939303    
 38    0.1965451    
 39    0.1965451    
 40    0.1979710    
 41    0.2071259    
 42    0.2071259    
 43    0.2123423    
 44    0.2123423    
 45    0.2202204    
 46    0.2202204    
 47    0.2231914    
 48    0.2273175    
 49    0.2313488    
 50    0.2313488    
 51    0.2323621    
 52    0.2323621    
 53    0.2327483    
 54    0.2327483    
 55    0.2331668    
 56    0.2331668    
 57    0.2386168    
 58    0.2386168    
 59    0.2388117    
 60    0.2388117    
 61    0.2397315    
 62    0.2420724    
 63    0.2420724    
 64    0.2438501    
 65    0.2438501    
 66    0.2541677    
 67    0.2541677    
 68    0.2551033    
 69    0.2564887    
 70    0.2564887    
 71    0.2608513    
###                          ###

# Param 32 = 2.67691 
  1    0.0605862    
  2    0.0694242    
  3    0.0694242    
  4    0.0941093    
  5    0.0995082    
  6    0.0995082    
  7    0.1136644    
  8    0.1136644    
  9    0.1186797    
 10    0.1186797    
 11    0.1211724    
 12    0.1277210    
 13    0.1277210    
 14    0.1416280    
 15    0.1416280    
 16    0.1470097    
 17    0.1470097    
 18    0.1501613    
 19    0.1501613    
 20    0.1567443    
 21    0.1574834    
 22    0.1580831    
 23    0.1580831    
 24    0.1625478    
 25    0.1641592    
 26    0.1641592    
 27    0.1764505    
 28    0.1764505    
 29    0.1769175    
 30    0.1769175    
 31    0.1817586    
 32    0.1865869    
 33    0.1865869    
 34    0.1885529    
 35    0.1885529    
 36    0.1887473    
 37    0.1887473    
 38    0.1943377    
 39    0.1964998    
 40    0.1964998    
 41    0.2049126    
 42    0.2049126    
 43    0.2066638    
 44    0.2066638    
 45    0.2121095    
 46    0.2121095    
 47    0.2187612    
 48    0.2229160    
 49    0.2271028    
 50    0.2271028    
 51    0.2280246    
 52    0.2280246    
 53    0.2320448    
 54    0.2323772    
 55    0.2323772    
 56    0.2327667    
 57    0.2327667    
 58    0.2336627    
 59    0.2336627    
 60    0.2342098    
 61    0.2342098    
 62    0.2369271    
 63    0.2369271    
 64    0.2418131    
 65    0.2418131    
 66    0.2423481    
 67    0.2487208    
 68    0.2487208    
 69    0.2533826    
 70    0.2533826    
 71    0.2564356    
###                          ###

